2.722665	0.000000	0.001475
2.728635	0.153870	-0.001854
2.733313	0.307740	-0.004660
2.733713	0.525342	-0.006915
2.744668	0.679212	-0.008631
2.751746	0.833082	-0.009785
2.808555	1.050685	-0.010355
2.834651	1.204555	-0.010361
2.830989	1.358424	-0.009790
2.830774	1.512294	-0.008640
2.837575	1.729897	-0.006904
2.835144	1.883767	-0.004612
2.861948	2.101369	-0.001748
2.892291	2.255239	0.001650
2.927250	2.409109	0.005582
2.911956	2.562979	0.010029
2.918018	2.780582	0.014984
2.909309	2.934451	0.020400
2.939375	3.152054	0.026277
2.971319	3.305924	0.032563
2.974027	3.459794	0.039241
2.972273	3.613664	0.046276
2.972888	3.831266	0.053652
2.969842	4.048900	0.061321
2.969257	4.202770	0.069234
2.931405	4.420372	0.077371
2.934513	4.574242	0.085676
2.928758	4.791845	0.094128
2.913156	5.009448	0.102674
2.921403	5.163317	0.111260
2.904108	5.380920	0.119868
2.961933	5.534790	0.128430
2.962517	5.752393	0.136927
2.947500	5.969995	0.145301
2.967472	6.123865	0.153503
2.947807	6.341468	0.161507
2.945530	6.495338	0.169253
2.970365	6.712940	0.176721
2.930512	6.930543	0.183860
2.872073	7.148146	0.190629
2.825573	7.302016	0.196981
2.819449	7.519618	0.202905
2.758794	7.673488	0.208338
2.698323	7.891091	0.213278
2.676042	8.108694	0.217678
2.668380	8.262563	0.221499
2.676073	8.480166	0.224739
2.643268	8.634036	0.227355
2.688537	8.851669	0.229343
2.785228	9.005539	0.230666
2.939560	9.223142	0.231335
3.009632	9.440745	0.231319
2.960302	9.594615	0.230601
2.883151	9.812217	0.229197
2.848900	9.966087	0.227078
2.852131	10.119957	0.224258
2.867395	10.273827	0.220735
2.839114	10.427697	0.216521
2.783721	10.581566	0.211617
2.766118	10.735436	0.206041
2.752916	10.889306	0.199799
2.743037	11.043176	0.192916
2.739037	11.197046	0.185407
2.742607	11.350916	0.177293
2.761286	11.504785	0.168604
2.751223	11.658655	0.159362
2.720572	11.812525	0.149600
2.712202	11.966395	0.139348
2.736206	12.120265	0.128641
2.739898	12.337867	0.117528
2.677120	12.491737	0.106021
2.680166	12.645607	0.094174
2.689552	12.799477	0.082024
2.697492	12.953347	0.069614
2.687613	13.107216	0.056990
2.664902	13.324819	0.044206
2.656963	13.478689	0.031280
2.663979	13.632559	0.018273
2.613541	13.786429	0.005229
2.595384	14.004031	-0.007793
2.599908	14.157901	-0.020774
2.596307	14.311771	-0.033655
2.589168	14.465641	-0.046393
2.587475	14.619511	-0.058939
2.575873	14.837113	-0.071245
2.590922	14.990983	-0.083288
2.564733	15.144853	-0.095019
2.531559	15.298723	-0.106395
2.556639	15.516326	-0.117365
2.551069	15.670195	-0.127923
2.536513	15.824065	-0.138016
2.524881	15.977935	-0.147618
2.540514	16.195538	-0.156684
2.541991	16.349408	-0.165211
2.568149	16.503277	-0.173159
2.617726	16.657147	-0.180510
2.648161	16.811017	-0.187243
2.654316	16.964887	-0.193339
2.731805	17.118757	-0.198785
2.734882	17.272627	-0.203568
2.728666	17.426496	-0.207679
2.752793	17.644099	-0.211101
2.762302	17.797969	-0.213859
2.796184	17.951839	-0.215933
2.722050	18.169441	-0.217320
2.710602	18.323311	-0.218048
2.721896	18.540914	-0.218103
2.688875	18.694784	-0.217518
2.693153	18.848654	-0.216296
2.669580	19.066256	-0.214444
2.660225	19.283890	-0.211991
2.666841	19.437760	-0.208975
2.618988	19.655362	-0.205391
2.622619	19.809232	-0.201294
2.626989	20.026835	-0.196682
2.620988	20.244438	-0.191610
2.631728	20.398307	-0.186112
2.598431	20.615910	-0.180201
2.576581	20.833513	-0.173929
2.575596	21.051116	-0.167330
2.576920	21.268718	-0.160441
2.579351	21.422588	-0.153318
2.575073	21.640191	-0.145974
2.589998	21.857794	-0.138464
2.618957	22.011663	-0.130841
2.608678	22.229266	-0.123120
2.546761	22.446869	-0.115360
2.472042	22.600739	-0.107610
2.482597	22.818341	-0.099890
2.392522	22.972211	-0.092266
2.252193	23.189814	-0.084750
2.191906	23.343684	-0.077413
2.156855	23.561286	-0.070261
2.134513	23.778920	-0.063349
2.117864	23.932790	-0.056723
2.119372	24.150392	-0.050393
2.069488	24.304262	-0.044414
1.999415	24.521865	-0.038796
1.962333	24.675735	-0.033590
1.939252	24.893337	-0.028802
1.930728	25.110940	-0.024464
1.903339	25.264810	-0.020613
1.911217	25.482413	-0.017244
1.898169	25.636283	-0.014398
1.908232	25.853885	-0.012067
1.919926	26.071488	-0.010274
1.929681	26.225358	-0.009041
1.934144	26.442960	-0.008351
1.934390	26.596830	-0.008232
1.920942	26.814433	-0.008660
1.933928	26.968303	-0.009660
1.924604	27.185906	-0.011202
1.943745	27.339775	-0.013304
1.946484	27.557378	-0.015932
1.983444	27.711248	-0.019098
2.003170	27.928851	-0.022763
2.054193	28.082720	-0.026935
2.070565	28.300323	-0.031569
2.058194	28.454193	-0.036667
2.070565	28.671796	-0.042182
2.059578	28.825665	-0.048112
2.058194	29.043299	-0.054403
2.063641	29.197169	-0.061048
2.121434	29.414772	-0.067996
2.158547	29.568641	-0.075236
2.207047	29.722511	-0.082719
2.196030	29.876381	-0.090411
2.207293	30.093984	-0.098262
2.206339	30.247854	-0.106259
2.230312	30.465456	-0.114337
2.333621	30.619326	-0.122487
2.490937	30.773196	-0.130649
2.521373	30.927066	-0.138793
2.535159	31.080936	-0.146871
2.637267	31.234805	-0.154845
2.700169	31.388675	-0.162680
2.711309	31.542545	-0.170332
2.721188	31.760148	-0.177757
2.730266	31.977750	-0.184923
2.764610	32.131620	-0.191811
2.763594	32.285490	-0.198369
2.763256	32.439360	-0.204569
2.817018	32.593230	-0.210376
2.795907	32.747100	-0.215757
2.791106	32.964702	-0.220677
2.776058	33.118572	-0.225125
2.777750	33.272442	-0.229070
2.776704	33.490045	-0.232476
2.801169	33.643914	-0.235345
2.800831	33.797784	-0.237646
2.796953	34.015387	-0.239352
2.774704	34.169257	-0.240473
2.749038	34.386860	-0.240970
2.759471	34.604462	-0.240853
2.763410	34.758332	-0.240122
2.761717	34.912202	-0.238764
2.802708	35.129805	-0.236765
2.991137	35.283674	-0.234149
3.011633	35.501277	-0.230896
2.836006	35.718880	-0.227026
2.606001	35.872750	-0.222558
2.567133	36.090352	-0.217479
2.513464	36.307986	-0.211819
2.348515	36.525589	-0.205586
2.291830	36.679458	-0.198814
2.288414	36.897061	-0.191503
2.214525	37.114664	-0.183678
2.098354	37.332267	-0.175372
2.062871	37.486136	-0.166615
2.054039	37.703739	-0.157419
1.998092	37.921342	-0.147817
1.926850	38.138944	-0.137844
1.922296	38.292814	-0.127543
1.913894	38.510417	-0.116924
1.889244	38.728020	-0.106031
1.880566	38.945622	-0.094898
1.917710	39.099492	-0.083574
1.914541	39.317095	-0.072071
1.938729	39.534698	-0.060437
2.003508	39.752300	-0.048710
2.035021	39.906170	-0.036934
2.040745	40.123804	-0.025125
2.045884	40.341406	-0.013330
2.068195	40.495276	-0.001598
2.076289	40.712879	0.010061
2.078781	40.866749	0.021588
2.075981	41.084351	0.032976
2.097338	41.238221	0.044164
2.086290	41.455824	0.055147
2.068010	41.609694	0.065871
2.047730	41.827297	0.076331
2.031666	42.044899	0.086489
2.043361	42.198769	0.096305
2.041945	42.416372	0.105781
2.040868	42.570242	0.114867
2.044992	42.787844	0.123572
2.039668	43.005447	0.131861
2.045545	43.223050	0.139722
2.022865	43.376920	0.147124
2.030589	43.594522	0.154082
2.047392	43.812125	0.160571
2.053978	44.029728	0.166586
2.058132	44.183597	0.172107
2.080689	44.401200	0.177153
2.090814	44.618834	0.181715
2.097246	44.836436	0.185790
2.101031	45.054039	0.189381
2.128297	45.271642	0.192491
2.150916	45.489244	0.195129
2.168580	45.706847	0.197300
2.176058	45.924450	0.199019
2.176027	46.142053	0.200296
2.176550	46.359655	0.201147
2.165933	46.577258	0.201583
2.173627	46.794861	0.201625
2.192245	47.012463	0.201290
2.206739	47.230066	0.200595
2.214033	47.383936	0.199555
2.207263	47.601539	0.198210
2.212894	47.819141	0.196579
2.213140	48.036775	0.194678
2.235236	48.254378	0.192533
2.291860	48.408247	0.190161
2.348300	48.625850	0.187607
2.369011	48.779720	0.184877
2.387506	48.997323	0.182021
2.426435	49.151192	0.179038
2.499585	49.368795	0.175980
2.555501	49.522665	0.172847
2.628620	49.676535	0.169682
2.674965	49.830405	0.166504
2.732267	49.984275	0.163343
2.781443	50.138144	0.160220
2.809478	50.292014	0.157156
2.821911	50.445884	0.154176
2.831882	50.663487	0.151310
2.846284	50.817357	0.148557
2.809817	50.971226	0.145948
2.756455	51.188829	0.143511
2.748731	51.342699	0.141236
2.726419	51.560302	0.139166
2.714202	51.714171	0.137288
2.703677	51.931774	0.135634
2.688968	52.085644	0.134195
2.678289	52.303247	0.133002
2.684444	52.520849	0.132047
2.703093	52.674719	0.131325
2.717433	52.892322	0.130864
2.782028	53.046192	0.130640
2.793814	53.263794	0.130675
2.862194	53.481397	0.130958
2.893030	53.635267	0.131472
2.925773	53.852870	0.132238
3.045084	54.006739	0.133223
3.041668	54.224373	0.134442
3.043884	54.441976	0.135875
3.052839	54.595846	0.137499
3.058440	54.813448	0.139326
3.092999	55.031051	0.141327
3.094538	55.248654	0.143491
3.085952	55.466256	0.145799
3.090752	55.683859	0.148232
3.098754	55.901462	0.150780
3.093676	56.055332	0.153406
3.097984	56.272934	0.156112
3.096261	56.490537	0.158875
3.071765	56.644407	0.161656
3.097769	56.862010	0.164457
3.087829	57.015879	0.167239
3.137960	57.233482	0.170001
3.240068	57.451085	0.172708
3.247884	57.604955	0.175330
3.238929	57.822557	0.177871
3.234959	58.040191	0.180295
3.244561	58.194061	0.182570
3.246592	58.347930	0.184692
3.320449	58.565533	0.186651
3.263794	58.719403	0.188406
3.184675	58.873273	0.189950
3.211879	59.027143	0.191272
3.143622	59.181012	0.192351
3.210309	59.398615	0.193186
3.317864	59.552485	0.193738
3.386829	59.706355	0.194015
3.215264	59.923958	0.194011
3.228897	60.077827	0.193693
3.174058	60.231697	0.193069
3.216803	60.385567	0.192133
3.269057	60.603170	0.190889
3.237083	60.757040	0.189309
3.102016	60.910909	0.187408
3.063825	61.064779	0.185183
3.080659	61.218649	0.182635
3.077489	61.372519	0.179766
3.082228	61.526389	0.176584
3.094815	61.680259	0.173091
3.027727	61.834128	0.169296
2.976920	61.987998	0.165208
2.898415	62.141868	0.160841
2.835605	62.359471	0.156210
2.786521	62.513341	0.151310
2.772580	62.667210	0.146163
2.757994	62.884813	0.140801
2.730697	63.038683	0.135212
2.701277	63.256286	0.129441
2.702570	63.410155	0.123478
2.671026	63.627758	0.117369
2.660471	63.781628	0.111104
2.641083	63.999231	0.104735
2.591937	64.153100	0.098255
2.557501	64.370703	0.091707
2.543745	64.524573	0.085091
2.509802	64.742176	0.078456
2.519095	64.959778	0.071804
2.508417	65.113648	0.065146
2.515895	65.331251	0.058533
2.503831	65.548854	0.051969
2.475950	65.702723	0.045467
2.483397	65.920357	0.039069
2.454531	66.074227	0.032768
2.329835	66.291830	0.026612
2.251023	66.445699	0.020593
2.192368	66.663302	0.014754
2.171011	66.880905	0.009099
2.151808	67.098507	0.003643
2.153285	67.316110	-0.001599
2.148023	67.533713	-0.006614
2.129651	67.751316	-0.011389
2.095215	67.968918	-0.015912
2.047207	68.122788	-0.020189
1.989506	68.340391	-0.024185
1.967380	68.557994	-0.027906
1.947284	68.775596	-0.031346
1.936144	68.993199	-0.034503
1.916049	69.210802	-0.037372
1.859209	69.364671	-0.039969
1.819111	69.582274	-0.042266
1.786490	69.799908	-0.044278
1.747961	70.017510	-0.046010
1.740145	70.235113	-0.047465
1.728604	70.388983	-0.048665
1.735529	70.606586	-0.049594
1.732420	70.824188	-0.050270
1.727343	71.041791	-0.050705
1.743130	71.259394	-0.050910
1.738544	71.413264	-0.050916
1.721711	71.630866	-0.050705
1.692076	71.848469	-0.050309
1.693553	72.002339	-0.049756
1.700816	72.219942	-0.049038
1.703924	72.437544	-0.048187
1.698046	72.655147	-0.047222
1.695738	72.809017	-0.046169
1.693830	73.026619	-0.045028
1.678812	73.180489	-0.043846
1.656101	73.398092	-0.042614
1.677889	73.615695	-0.041366
1.678258	73.769565	-0.040138
1.693153	73.987198	-0.038923
1.678381	74.204801	-0.037753
1.644161	74.358671	-0.036664
1.618711	74.576273	-0.035650
1.627450	74.793876	-0.034744
1.653639	74.947746	-0.033977
1.668841	75.101616	-0.033353
1.688044	75.319218	-0.032878
1.694076	75.473088	-0.032592
1.689060	75.690691	-0.032492
1.680351	75.844561	-0.032612
1.685582	76.062163	-0.032943
1.697523	76.216033	-0.033519
1.689552	76.369903	-0.034344
1.694076	76.587506	-0.035410
1.717557	76.741376	-0.036755
1.698354	76.958978	-0.038360
1.656039	77.112848	-0.040255
1.669641	77.330451	-0.042419
1.666318	77.484321	-0.044876
1.680812	77.638190	-0.047621
1.696353	77.792060	-0.050650
1.729066	78.009663	-0.053948
1.720018	78.163533	-0.057536
1.711340	78.317403	-0.061396
1.702508	78.471273	-0.065526
1.714787	78.688875	-0.069897
1.713617	78.842745	-0.074531
1.735590	78.996615	-0.079398
1.747684	79.150485	-0.084487
1.759809	79.304355	-0.089787
1.754793	79.458224	-0.095279
1.747161	79.675827	-0.100936
1.732913	79.829697	-0.106762
1.725465	79.983567	-0.112728
1.775966	80.137437	-0.118811
1.823881	80.291306	-0.124995
1.830497	80.445176	-0.131251
1.840499	80.599046	-0.137561
1.844684	80.752916	-0.143901
1.847176	80.906786	-0.150247
1.832528	81.060655	-0.156574
1.853854	81.214525	-0.162858
1.905216	81.368395	-0.169075
1.943253	81.522265	-0.175197
1.943530	81.739868	-0.181189
1.962825	81.893737	-0.187051
1.965225	82.047607	-0.192744
2.002985	82.201477	-0.198245
2.034036	82.355347	-0.203532
2.013048	82.572980	-0.208566
2.019541	82.726850	-0.213352
2.009909	82.880720	-0.217853
2.028035	83.098323	-0.222038
2.035852	83.252193	-0.225915
2.024619	83.469795	-0.229431
2.015356	83.623665	-0.232602
2.013079	83.841268	-0.235384
2.019141	84.058871	-0.237772
2.041022	84.212740	-0.239768
2.108909	84.430343	-0.241331
2.200800	84.584213	-0.242478
2.197969	84.801816	-0.243173
2.194245	84.955685	-0.243436
2.186583	85.173288	-0.243235
2.189445	85.390891	-0.242575
2.203324	85.608494	-0.241461
2.208340	85.762363	-0.239898
2.176889	85.979966	-0.237860
2.133928	86.133836	-0.235384
2.036713	86.351439	-0.232440
1.995569	86.505309	-0.229064
1.940452	86.722911	-0.225239
1.915433	86.876781	-0.220995
1.877981	87.094384	-0.216326
1.876689	87.248254	-0.211263
1.874350	87.465856	-0.205794
1.871273	87.619726	-0.199968
1.864964	87.837360	-0.193768
1.873365	87.991229	-0.187243
1.867087	88.145099	-0.180399
1.872473	88.362702	-0.173244
1.861179	88.516572	-0.165825
1.849977	88.670442	-0.158153
1.877212	88.824311	-0.150250
1.865702	88.978181	-0.142143
1.748977	89.132051	-0.133860
1.664102	89.285921	-0.125421
1.666533	89.439791	-0.116859
1.666441	89.593661	-0.108195
1.665395	89.811263	-0.099451
1.663610	89.965133	-0.090674
1.647915	90.182736	-0.081868
1.621788	90.336606	-0.073088
1.565564	90.490475	-0.064343
1.517834	90.644345	-0.055667
1.516202	90.798215	-0.047085
1.494107	90.952085	-0.038624
1.480720	91.105955	-0.030306
1.387783	91.259825	-0.022160
1.352854	91.413694	-0.014209
1.312233	91.567564	-0.006478
1.303954	91.785167	0.001025
1.316264	91.939037	0.008251
1.277643	92.092907	0.015194
1.221357	92.310509	0.021845
1.228281	92.464379	0.028163
1.235175	92.618249	0.034142
1.230651	92.772119	0.039767
1.210340	92.925989	0.045028
1.197507	93.079858	0.049906
1.182274	93.297461	0.054403
1.193261	93.451331	0.058491
1.193199	93.605201	0.062166
1.183536	93.759071	0.065429
1.205509	93.976673	0.068285
1.202677	94.130543	0.070703
1.189998	94.284413	0.072698
1.181259	94.438283	0.074267
1.197477	94.655886	0.075424
1.209140	94.809755	0.076152
1.208124	94.963625	0.076461
1.203447	95.117495	0.076360
1.210155	95.271365	0.075856
1.201877	95.488968	0.074972
1.196584	95.642837	0.073689
1.201754	95.796707	0.072035
1.211571	95.950577	0.070023
1.230035	96.104447	0.067661
1.230035	96.258317	0.064971
1.211571	96.412186	0.061961
1.201816	96.566056	0.058653
1.197507	96.719926	0.055066
1.205601	96.873796	0.051212
1.221203	97.091399	0.047124
1.229635	97.245269	0.042799
1.221880	97.399138	0.038266
1.218218	97.553008	0.033548
1.196523	97.706878	0.028665
1.192984	97.860748	0.023636
1.194984	98.078351	0.018495
1.197846	98.232220	0.013237
1.180366	98.386090	0.007897
1.162917	98.539960	0.002493
1.136913	98.693830	-0.002953
1.145222	98.847700	-0.008421
1.152670	99.065302	-0.013881
1.142730	99.219172	-0.019338
1.145315	99.373042	-0.024761
1.149900	99.526912	-0.030131
1.143499	99.680782	-0.035433
1.152670	99.898384	-0.040638
1.142730	100.052254	-0.045753
1.145315	100.206124	-0.050754
1.149900	100.359994	-0.055625
1.143499	100.513864	-0.060356
1.153531	100.731466	-0.064919
1.157932	100.885336	-0.069331
1.142453	101.039206	-0.073569
1.129220	101.193076	-0.077624
1.108509	101.346946	-0.081488
1.115218	101.500816	-0.085153
1.122234	101.718449	-0.088604
1.126604	101.872319	-0.091863
1.126696	102.026189	-0.094908
1.138760	102.180058	-0.097742
1.075612	102.333928	-0.100361
1.065148	102.487798	-0.102765
1.057578	102.641668	-0.104956
1.043976	102.795538	-0.106935
1.024650	103.013140	-0.108689
0.995230	103.230743	-0.110236
0.994091	103.384613	-0.111594
0.995168	103.538483	-0.112754
0.933805	103.692353	-0.113723
0.917649	103.846222	-0.114506
0.903493	104.063825	-0.115094
0.915956	104.217695	-0.115523
0.916941	104.371565	-0.115789
0.929528	104.525435	-0.115897
0.962148	104.679305	-0.115858
0.957101	104.896907	-0.115663
0.965318	105.050777	-0.115354
0.970488	105.204647	-0.114922
0.958178	105.422250	-0.114363
0.963071	105.576119	-0.113713
0.952670	105.793722	-0.112956
0.939129	106.011325	-0.112114
0.917926	106.165195	-0.111208
0.903985	106.382797	-0.110217
0.923434	106.600400	-0.109167
0.939006	106.818003	-0.108062
0.946423	106.971873	-0.106925
0.960517	107.189475	-0.105732
0.987690	107.407078	-0.104510
1.009540	107.624681	-0.103259
1.025973	107.842283	-0.101986
1.057640	107.996153	-0.100705
1.079674	108.213787	-0.099402
1.093461	108.431389	-0.098086
1.098230	108.648992	-0.096764
1.089460	108.866595	-0.095435
1.093491	109.084198	-0.094099
1.111340	109.301800	-0.092760
1.116510	109.519403	-0.091415
1.117126	109.737006	-0.090066
1.117126	109.954608	-0.088711
1.132328	110.108478	-0.087360
1.132543	110.326081	-0.085982
1.131774	110.543684	-0.084591
1.150885	110.761286	-0.083181
1.161317	110.915156	-0.081757
1.153808	111.132759	-0.080295
1.145469	111.350362	-0.078797
1.168764	111.504231	-0.077270
1.190091	111.721865	-0.075684
1.203477	111.939468	-0.074043
1.244407	112.157070	-0.072344
1.234251	112.310940	-0.070589
1.251085	112.528543	-0.068746
1.256409	112.746146	-0.066823
1.270349	112.900015	-0.064821
1.273858	113.117618	-0.062706
1.274935	113.335221	-0.060489
1.282474	113.489091	-0.058173
1.268534	113.706693	-0.055722
1.292137	113.924296	-0.053149
1.305432	114.078166	-0.050452
1.298723	114.295769	-0.047605
1.316449	114.449638	-0.044625
1.317680	114.667241	-0.041483
1.316510	114.884844	-0.038188
1.299277	115.038714	-0.034744
1.307709	115.256316	-0.031128
1.295492	115.410186	-0.027358
1.281674	115.627789	-0.023408
1.308263	115.845392	-0.019291
1.311371	115.999261	-0.015016
1.306170	116.216895	-0.010561
1.316449	116.434498	-0.005937
1.311617	116.588367	-0.001161
1.303308	116.805970	0.003790
1.291983	116.959840	0.008888
1.252347	117.177443	0.014152
1.242991	117.331313	0.019553
1.217695	117.548915	0.025108
1.190768	117.702785	0.030786
1.181689	117.920388	0.036602
1.180489	118.074258	0.042523
1.177843	118.291860	0.048564
1.173442	118.509463	0.054702
1.148300	118.663333	0.060915
1.130728	118.880936	0.067209
1.125650	119.034805	0.073556
1.118695	119.252408	0.079957
1.125373	119.470011	0.086391
1.129435	119.687613	0.092845
1.128974	119.841483	0.099285
1.109186	120.059086	0.105726
1.072596	120.276689	0.112137
1.044191	120.430559	0.118490
1.050162	120.648161	0.124791
1.054501	120.865795	0.131013
1.070503	121.083397	0.137139
1.097800	121.301000	0.143153
1.100108	121.518603	0.149035
1.092414	121.736206	0.154770
1.089583	121.953808	0.160343
1.089583	122.171411	0.165737
1.092414	122.389014	0.170933
1.102170	122.606616	0.175918
1.128143	122.824219	0.180679
1.139745	123.041822	0.185196
1.149346	123.259425	0.189462
1.146484	123.477027	0.193456
1.129928	123.630897	0.197160
1.144422	123.848500	0.200585
1.152977	124.066102	0.203708
1.154178	124.219972	0.206502
1.145407	124.373842	0.208979
1.126912	124.591476	0.211136
1.112233	124.745345	0.212946
1.081028	124.962948	0.214428
1.061209	125.116818	0.215549
1.082320	125.270688	0.216322
1.078412	125.424558	0.216742
1.067241	125.578427	0.216807
1.054131	125.732297	0.216521
1.056809	125.949900	0.215894
1.056809	126.103770	0.214902
1.054131	126.321373	0.213580
1.072288	126.475242	0.211900
1.086690	126.629112	0.209888
1.063825	126.782982	0.207542
1.075827	126.936852	0.204878
1.029635	127.090722	0.201901
0.987814	127.244591	0.198622
0.933713	127.398461	0.195051
0.905093	127.552331	0.191204
0.882259	127.769934	0.187100
0.887644	127.923804	0.182729
0.888229	128.141406	0.178134
0.888229	128.295276	0.173306
0.897338	128.512879	0.168279
0.910078	128.666749	0.163047
0.920819	128.884351	0.157653
0.923865	129.101954	0.152103
0.909648	129.255824	0.146396
0.914325	129.473427	0.140580
0.895461	129.627297	0.134646
0.856932	129.844899	0.128635
0.832066	130.062502	0.122555
0.785875	130.216372	0.116410
0.772642	130.433974	0.110243
0.773381	130.651577	0.104055
0.796984	130.869211	0.097865
0.830312	131.023080	0.091681
0.806032	131.240683	0.085540
0.770026	131.458286	0.079444
0.757224	131.675889	0.073409
0.771072	131.893491	0.067450
0.779505	132.111094	0.061578
0.751408	132.328697	0.055807
0.739806	132.546299	0.050150
0.725373	132.763902	0.044612
0.734421	132.981505	0.039208
0.756855	133.135375	0.033935
0.769657	133.352977	0.028822
0.778828	133.506847	0.023851
0.745499	133.724450	0.019053
0.750515	133.942053	0.014419
0.740976	134.095922	0.009941
0.756024	134.313525	0.005645
0.746638	134.531128	0.001519
0.732513	134.684998	-0.002449
0.744730	134.902631	-0.006236
0.731497	135.056501	-0.009869
0.714233	135.274104	-0.013328
0.719311	135.491706	-0.016630
0.730851	135.645576	-0.019793
0.749992	135.863179	-0.022798
0.734021	136.080782	-0.025667
0.729805	136.298384	-0.028408
0.722727	136.515987	-0.031030
0.739037	136.669857	-0.033554
0.755901	136.887460	-0.035972
0.768549	137.105062	-0.038305
0.772550	137.322665	-0.040564
0.762702	137.540268	-0.042760
0.764456	137.757870	-0.044911
0.769811	137.975473	-0.047030
0.781536	138.193076	-0.049129
0.804770	138.410679	-0.051222
0.845638	138.628312	-0.053324
0.867087	138.845915	-0.055449
0.881890	139.063517	-0.057614
0.881243	139.281120	-0.059830
0.889337	139.434990	-0.062124
0.892968	139.652593	-0.064483
0.872350	139.870195	-0.066933
0.861148	140.024065	-0.069504
0.852747	140.241668	-0.072178
0.844561	140.395538	-0.074992
0.823080	140.613140	-0.077933
0.832251	140.767010	-0.081036
0.817695	140.984613	-0.084282
0.824773	141.138483	-0.087707
0.819757	141.356086	-0.091295
0.805078	141.509955	-0.095074
0.781843	141.727558	-0.099022
0.754855	141.881428	-0.103172
0.726943	142.035298	-0.107513
0.730051	142.252900	-0.112033
0.708478	142.406770	-0.116755
0.720265	142.624373	-0.121658
0.715649	142.778243	-0.126763
0.710417	142.932113	-0.132050
0.722573	143.149715	-0.137506
0.708663	143.303585	-0.143147
0.731005	143.521188	-0.148944
0.744176	143.675058	-0.154907
0.727835	143.828928	-0.161019
0.735867	144.046561	-0.167255
0.736698	144.200431	-0.173627
0.741837	144.354301	-0.180110
0.759440	144.571903	-0.186674
0.769226	144.725773	-0.193329
0.791660	144.879643	-0.200049
0.799015	145.097246	-0.206801
0.772180	145.251116	-0.213590
0.766610	145.404985	-0.220388
0.766887	145.558855	-0.227173
0.758517	145.712725	-0.233925
0.787937	145.930328	-0.240609
0.837575	146.084198	-0.247232
0.825389	146.238067	-0.253753
0.857424	146.391937	-0.260158
0.860625	146.545807	-0.266417
0.859455	146.699677	-0.272513
0.862071	146.917280	-0.278411
0.847084	147.071149	-0.284110
0.847423	147.288752	-0.289563
0.856809	147.442622	-0.294778
0.869703	147.660225	-0.299705
0.894107	147.814094	-0.304351
0.931928	148.031697	-0.308667
0.962825	148.249300	-0.312647
1.002339	148.403170	-0.316287
1.049546	148.620772	-0.319543
1.148700	148.838375	-0.322412
1.173073	149.055978	-0.324875
1.187290	149.273581	-0.326932
1.235298	149.491183	-0.328524
1.245145	149.645053	-0.329727
1.242837	149.798923	-0.330442
1.243145	150.016556	-0.330702
1.248869	150.170426	-0.330474
1.238898	150.324296	-0.329792
1.201108	150.478166	-0.328589
1.218957	150.632036	-0.326932
1.208924	150.785906	-0.324775
1.213694	150.939775	-0.322126
1.221142	151.157378	-0.318971
1.249392	151.311248	-0.315341
1.191506	151.528851	-0.311218
1.180982	151.682720	-0.306626
1.195476	151.900323	-0.301550
1.225512	152.054193	-0.296023
1.213479	152.208063	-0.290044
1.166026	152.425665	-0.283610
1.124635	152.579535	-0.276763
1.129928	152.797138	-0.269488
1.154147	153.014741	-0.261815
1.181720	153.232343	-0.253760
1.134421	153.449946	-0.245340
1.130635	153.667549	-0.236577
1.150177	153.885152	-0.227488
1.169011	154.039021	-0.218103
1.141437	154.256624	-0.208429
1.116941	154.474227	-0.198492
1.117126	154.691830	-0.188318
1.148454	154.909432	-0.177930
1.164518	155.063302	-0.167362
1.173534	155.280936	-0.156619
1.192122	155.498538	-0.145734
1.201631	155.716141	-0.134734
1.185844	155.933744	-0.123640
1.198954	156.087613	-0.112491
1.217818	156.305216	-0.101290
1.223265	156.522819	-0.090066
1.235052	156.676689	-0.078862
1.235082	156.894291	-0.067677
1.234098	157.111894	-0.056541
1.239545	157.265764	-0.045490
1.235329	157.483367	-0.034523
1.228158	157.700969	-0.023671
1.226927	157.854839	-0.012967
1.216033	158.072442	-0.002405
1.201877	158.290045	0.007986
1.199754	158.443914	0.018176
1.190552	158.661517	0.028175
1.177627	158.879120	0.037957
1.173565	159.032990	0.047495
1.161471	159.250592	0.056801
1.166179	159.468226	0.065854
1.153531	159.622096	0.074635
1.132236	159.839698	0.083158
1.132328	160.057301	0.091405
1.133559	160.274904	0.099373
1.103677	160.428774	0.107042
1.104385	160.646376	0.114438
1.113987	160.863979	0.121548
1.108294	161.081582	0.128371
1.105093	161.235452	0.134896
1.129312	161.453054	0.141152
1.145407	161.670657	0.147131
1.150577	161.824527	0.152827
1.139191	162.042130	0.158267
1.130359	162.259732	0.163450
1.115833	162.477335	0.168386
1.076750	162.694938	0.173081
1.043668	162.912540	0.177546
1.018034	163.130143	0.181793
1.000862	163.347777	0.185832
0.995107	163.565379	0.189677
1.011725	163.782982	0.193342
1.017233	164.000585	0.196835
1.018895	164.218187	0.200172
1.029081	164.435790	0.203370
1.020988	164.589660	0.206428
1.016772	164.807263	0.209378
0.994153	165.024865	0.212231
0.978027	165.178735	0.214984
0.970334	165.396338	0.217674
0.937160	165.550208	0.220287
0.927250	165.767810	0.222864
0.960425	165.921680	0.225389
0.973227	166.139283	0.227897
0.949869	166.356886	0.230390
0.936821	166.510756	0.232859
0.912817	166.664625	0.235329
0.919649	166.818495	0.237805
0.928420	167.036098	0.240307
0.909124	167.189968	0.242816
0.907955	167.343838	0.245347
0.943530	167.497707	0.247901
1.000831	167.651577	0.250484
1.056624	167.869180	0.253107
1.067733	168.023050	0.255742
1.070165	168.176920	0.258403
1.066379	168.394553	0.261097
1.072134	168.548423	0.263798
1.057917	168.766026	0.266517
1.030774	168.983628	0.269237
1.014833	169.201231	0.271954
1.006863	169.418834	0.274654
1.005939	169.636436	0.277325
1.003970	169.854039	0.279957
1.021696	170.071642	0.282534
1.037483	170.225512	0.285033
1.035759	170.443114	0.287461
1.033205	170.660717	0.289787
1.019634	170.814587	0.291987
0.997538	170.968457	0.294051
1.025235	171.186059	0.295974
1.058409	171.339929	0.297713
1.054778	171.493799	0.299259
1.051639	171.647669	0.300592
1.058717	171.801539	0.301693
1.050869	172.019141	0.302554
1.046592	172.173011	0.303130
1.034559	172.326881	0.303412
1.049915	172.480751	0.303380
1.071365	172.634621	0.303016
1.057147	172.788491	0.302301
1.058840	173.006093	0.301225
1.057055	173.159963	0.299747
1.075212	173.313833	0.297865
1.076166	173.531436	0.295571
1.073427	173.685305	0.292829
1.066718	173.902908	0.289644
1.053916	174.056778	0.285985
1.019541	174.274411	0.281862
1.021911	174.428281	0.277241
1.009632	174.645884	0.272136
1.009786	174.863487	0.266530
1.005108	175.081089	0.260418
1.015818	175.234959	0.253783
1.016926	175.452562	0.246650
1.030158	175.670165	0.239004
1.062933	175.887767	0.230851
1.033390	176.105370	0.222194
1.027758	176.322973	0.213037
1.040622	176.540575	0.203393
1.040591	176.694445	0.193258
1.027666	176.912048	0.182667
1.032620	177.129651	0.171626
1.062964	177.347253	0.160148
1.032682	177.564856	0.148255
1.029051	177.782459	0.135966
1.044899	178.000092	0.123306
1.018649	178.153962	0.110282
1.009017	178.371565	0.096949
1.018649	178.589168	0.083320
1.044899	178.743037	0.069419
1.028066	178.960640	0.055293
1.042407	179.178243	0.040970
1.050439	179.395846	0.026479
1.048838	179.613448	0.011859
1.033913	179.831051	-0.002855
1.040437	179.984921	-0.017638
1.006586	180.202523	-0.032425
0.956639	180.420126	-0.047189
0.905524	180.573996	-0.061906
0.897923	180.791599	-0.076506
0.877704	181.009201	-0.090967
0.849885	181.226804	-0.105238
0.834959	181.444407	-0.119289
0.807016	181.598277	-0.133083
0.790706	181.815879	-0.146562
0.767995	182.033513	-0.159693
0.740514	182.251116	-0.172441
0.725527	182.468718	-0.184763
0.700077	182.622588	-0.196640
0.672288	182.840191	-0.208007
0.651793	183.057794	-0.218841
0.647146	183.275396	-0.229109
0.665702	183.492999	-0.238783
0.666010	183.710602	-0.247826
0.657670	183.928204	-0.256217
0.655393	184.145807	-0.263921
0.657424	184.363410	-0.270921
0.664933	184.581012	-0.277195
0.682782	184.798615	-0.282719
0.719772	185.016218	-0.287477
0.742760	185.233851	-0.291457
0.761625	185.451454	-0.294645
0.791045	185.669057	-0.297030
0.809201	185.822927	-0.298623
0.807232	186.040529	-0.299389
0.809940	186.258132	-0.299347
0.818864	186.412002	-0.298502
0.830774	186.565872	-0.296855
0.822403	186.783474	-0.294395
0.807417	186.937344	-0.291162
0.810432	187.091214	-0.287152
0.808709	187.245084	-0.282385
0.793014	187.398954	-0.276880
0.815602	187.552824	-0.270654
0.855886	187.706693	-0.263736
0.870595	187.860563	-0.256152
0.880166	188.014433	-0.247930
0.881951	188.168303	-0.239101
0.885059	188.385906	-0.229691
0.866841	188.539775	-0.219754
0.856009	188.757378	-0.209307
0.855547	188.911248	-0.198418
0.867641	189.128851	-0.187096
0.861025	189.282720	-0.175418
0.860502	189.500323	-0.163398
0.839391	189.717926	-0.151092
0.830466	189.935529	-0.138555
0.836621	190.153131	-0.125830
0.864318	190.370734	-0.112966
0.872842	190.588337	-0.100013
0.881920	190.805970	-0.087022
0.870657	190.959840	-0.074050
0.863733	191.113710	-0.061136
0.837421	191.331313	-0.048320
0.834898	191.485182	-0.035676
0.860440	191.702785	-0.023224
0.862133	191.856655	-0.011037
0.860471	192.074258	0.000862
0.862840	192.228127	0.012404
0.840160	192.381997	0.023557
0.826096	192.599600	0.034292
0.782397	192.753470	0.044541
0.764518	192.907340	0.054280
0.741314	193.124942	0.063485
0.712787	193.278812	0.072093
0.691676	193.496415	0.080103
0.672257	193.650285	0.087457
0.642776	193.867887	0.094151
0.641668	194.021757	0.100137
0.660317	194.239360	0.105417
0.681428	194.456963	0.109963
0.688260	194.674565	0.113758
0.697523	194.892168	0.116790
0.687306	195.046038	0.119032
0.675088	195.263641	0.120508
0.671180	195.481243	0.121200
0.684351	195.698846	0.121106
0.699585	195.916479	0.120231
0.703893	196.134082	0.118581
0.693553	196.351685	0.116163
0.702477	196.569288	0.112992
0.715956	196.723157	0.109069
0.750023	196.940760	0.104436
0.768672	197.094630	0.099094
0.785659	197.312233	0.093085
0.773934	197.466102	0.086417
0.760455	197.683705	0.079138
0.730205	197.837575	0.071265
0.741622	198.055178	0.062845
0.733682	198.209048	0.053896
0.738206	198.362917	0.044473
0.732328	198.516787	0.034607
0.744299	198.734390	0.024359
0.742945	198.888260	0.013746
0.739621	199.042130	0.002827
0.732451	199.195999	-0.008353
0.727589	199.349869	-0.019745
0.712356	199.503739	-0.031301
0.659178	199.657609	-0.042971
0.616495	199.811479	-0.054709
0.601754	199.965349	-0.066462
0.603878	200.119218	-0.078180
0.618403	200.336821	-0.089800
0.614741	200.490691	-0.101300
0.617941	200.644561	-0.112618
0.643391	200.798431	-0.123705
0.685459	200.952300	-0.134510
0.700969	201.106170	-0.144993
0.729220	201.260040	-0.155105
0.742637	201.477643	-0.164792
0.738667	201.631513	-0.174037
0.746576	201.785382	-0.182784
0.756639	202.002985	-0.190986
0.774427	202.220588	-0.198619
0.770611	202.374458	-0.205658
0.776827	202.592060	-0.212049
0.810986	202.809663	-0.217775
0.823388	203.027297	-0.222812
0.836683	203.244899	-0.227134
0.852808	203.462502	-0.230718
0.877643	203.616372	-0.233561
0.894876	203.833974	-0.235618
0.903277	203.987844	-0.236908
0.889860	204.205447	-0.237395
0.880135	204.359317	-0.237097
0.897092	204.513187	-0.235995
0.900846	204.667056	-0.234091
0.869395	204.820926	-0.231387
0.888998	204.974796	-0.227891
0.891276	205.128666	-0.223608
0.889368	205.282536	-0.218552
0.862994	205.436406	-0.212735
0.818895	205.654008	-0.206168
0.759840	205.807878	-0.198886
0.706847	205.961748	-0.190905
0.672565	206.179351	-0.182235
0.651239	206.396953	-0.172919
0.676658	206.614556	-0.162985
0.722727	206.832159	-0.152463
0.772180	207.049762	-0.141386
0.757255	207.267364	-0.129792
0.767503	207.484967	-0.117716
0.790737	207.702570	-0.105199
0.846838	207.920203	-0.092279
0.881828	208.074073	-0.079012
0.898600	208.291676	-0.065412
0.925589	208.445545	-0.051547
0.929343	208.663148	-0.037441
0.903554	208.817018	-0.023155
0.877366	209.034621	-0.008715
0.811048	209.252223	0.005823
0.781659	209.406093	0.020404
0.761440	209.559963	0.034994
0.731036	209.713833	0.049552
0.745807	209.931436	0.064044
0.731036	210.085305	0.078401
0.723096	210.239175	0.092598
0.715095	210.393045	0.106593
0.691306	210.546915	0.120345
0.654131	210.764518	0.133831
0.632959	210.918387	0.146988
0.600000	211.072257	0.159791
0.581382	211.226127	0.172211
0.538206	211.443730	0.184224
0.509955	211.597600	0.195779
0.493276	211.815202	0.206873
0.497338	211.969072	0.217457
0.484936	212.186675	0.227530
0.484444	212.404278	0.237061
0.474565	212.621880	0.246029
0.477397	212.775750	0.254407
0.482443	212.993353	0.262205
0.479212	213.210956	0.269403
0.476689	213.428558	0.275987
0.481151	213.646192	0.281949
0.466841	213.800062	0.287279
0.447607	214.017664	0.291997
0.431051	214.235267	0.296088
0.424988	214.452870	0.299555
0.435267	214.670472	0.302408
0.435205	214.888075	0.304650
0.435267	215.105678	0.306288
0.424988	215.323281	0.307341
0.431020	215.540883	0.307812
0.446746	215.758486	0.307724
0.455485	215.976089	0.307087
0.477612	216.129958	0.305914
0.490599	216.347561	0.304241
0.513925	216.565164	0.302083
0.531128	216.719034	0.299445
0.520542	216.936636	0.296377
0.531497	217.090506	0.292881
0.527712	217.308109	0.289001
0.511156	217.525742	0.284754
0.521588	217.679612	0.280149
0.556516	217.897215	0.275246
0.600985	218.051085	0.270037
0.631574	218.204955	0.264565
0.653701	218.358824	0.258858
0.686106	218.576427	0.252954
0.698200	218.730297	0.246852
0.715556	218.884167	0.240593
0.733282	219.038037	0.234198
0.747346	219.191906	0.227692
0.720018	219.345776	0.221102
0.691460	219.499646	0.214448
0.658963	219.653516	0.207750
0.659886	219.807386	0.201030
0.659055	220.024988	0.194320
0.676012	220.178858	0.187610
0.679520	220.396461	0.180939
0.689552	220.550331	0.174303
0.672750	220.767934	0.167736
0.661363	220.921803	0.161227
0.637421	221.139406	0.154809
0.633174	221.293276	0.148466
0.626189	221.510879	0.142227
0.635359	221.728481	0.136089
0.627450	221.946084	0.130051
0.643391	222.163687	0.124121
0.642807	222.381289	0.118292
0.657424	222.598892	0.112566
0.668657	222.752762	0.106925
0.652593	222.970365	0.101391
0.624927	223.124234	0.095935
0.616249	223.341868	0.090573
0.618649	223.559471	0.085283
0.620772	223.713341	0.080042
0.586275	223.930943	0.074862
0.592337	224.084813	0.069712
0.588768	224.302416	0.064600
0.570088	224.456286	0.059489
0.587260	224.610155	0.054374
0.580612	224.827758	0.049253
0.583782	224.981628	0.044086
0.572703	225.135498	0.038871
0.581874	225.353100	0.033603
0.560271	225.506970	0.028238
0.560732	225.660840	0.022777
0.544176	225.814710	0.017201
0.524881	226.032313	0.011507
0.533528	226.186182	0.005656
0.527066	226.340052	-0.000355
0.527589	226.557655	-0.006529
0.498200	226.711525	-0.012902
0.498107	226.865395	-0.019476
0.489214	227.082997	-0.026247
0.489091	227.236867	-0.033252
0.501616	227.454470	-0.040476
0.513771	227.608340	-0.047950
0.520234	227.825942	-0.055651
0.510479	227.979812	-0.063615
0.520572	228.197415	-0.071817
0.543437	228.415018	-0.080269
0.561317	228.632620	-0.088971
0.569318	228.786490	-0.097937
0.573842	229.004093	-0.107133
0.587660	229.157963	-0.116576
0.594307	229.375596	-0.126237
0.566333	229.593199	-0.136118
0.536359	229.747069	-0.146218
0.542945	229.964671	-0.156496
0.530143	230.118541	-0.166963
0.541437	230.336144	-0.177579
0.572242	230.553747	-0.188331
0.571934	230.707617	-0.199214
0.590337	230.925219	-0.210178
0.574827	231.079089	-0.221223
0.571042	231.232959	-0.232310
0.589506	231.450562	-0.243397
0.597538	231.604431	-0.254481
0.618926	231.822034	-0.265507
0.615356	231.975904	-0.276464
0.605939	232.129774	-0.287311
0.610094	232.283644	-0.298012
0.600123	232.437513	-0.308530
0.611509	232.655116	-0.318815
0.624619	232.808986	-0.328849
0.631943	232.962856	-0.338630
0.617849	233.116726	-0.348054
0.595445	233.270595	-0.357088
0.622188	233.424465	-0.365764
0.632220	233.578335	-0.373985
0.636621	233.795938	-0.381686
0.642283	233.949808	-0.388933
0.664010	234.167410	-0.395594
0.671180	234.321280	-0.401703
0.643453	234.475150	-0.407162
0.650100	234.629020	-0.412004
0.676350	234.846623	-0.416131
0.679889	235.064225	-0.419575
0.704047	235.218095	-0.422273
0.726173	235.435698	-0.424190
0.732728	235.653301	-0.425327
0.730020	235.870934	-0.425685
0.723896	236.024804	-0.425197
0.732851	236.178674	-0.423832
0.747346	236.396276	-0.421623
0.771319	236.613879	-0.418536
0.740945	236.767749	-0.414571
0.729435	236.921619	-0.409729
0.749315	237.075489	-0.403978
0.751746	237.229358	-0.397316
0.757624	237.383228	-0.389745
0.768272	237.537098	-0.381296
0.759163	237.690968	-0.371970
0.762086	237.908571	-0.361702
0.756209	238.062440	-0.350621
0.749469	238.216310	-0.338663
0.755778	238.433913	-0.325860
0.739683	238.587783	-0.312254
0.726512	238.805385	-0.297846
0.708078	239.022988	-0.282671
0.672842	239.176858	-0.266771
0.644961	239.394461	-0.250156
0.608555	239.612063	-0.232869
0.561163	239.829666	-0.214945
0.557347	240.047269	-0.196429
0.565533	240.264872	-0.177358
0.582920	240.482474	-0.157776
0.597846	240.636344	-0.137743
0.596092	240.853947	-0.117278
0.599938	241.071549	-0.096442
0.596122	241.289183	-0.075288
0.596707	241.506786	-0.053864
0.580735	241.660655	-0.032238
0.559132	241.878258	-0.010437
0.540760	242.095861	0.011471
0.533928	242.313464	0.033431
0.543930	242.531066	0.055391
0.543222	242.748669	0.077289
0.539529	242.966272	0.099074
0.528112	243.183874	0.120686
0.513771	243.401477	0.142075
0.496784	243.619080	0.163183
0.484721	243.836683	0.183954
0.462471	244.054285	0.204338
0.459886	244.208155	0.224267
0.454716	244.425758	0.243719
0.454439	244.643391	0.262628
0.469980	244.797261	0.280936
0.460686	245.014864	0.298616
0.466041	245.168734	0.315604
0.467949	245.322603	0.331871
0.459517	245.540206	0.347372
0.462933	245.694076	0.362092
0.450439	245.847946	0.375935
0.445946	246.001816	0.388933
0.461579	246.155685	0.401021
0.461117	246.309555	0.412167
0.460471	246.463425	0.422370
0.443237	246.617295	0.431599
0.423911	246.771165	0.439820
0.437637	246.925035	0.447001
0.455547	247.078904	0.453208
0.502139	247.296507	0.458342
0.566733	247.514110	0.462469
0.558394	247.667980	0.465491
0.574550	247.885582	0.467506
0.612771	248.103185	0.468480
0.639852	248.257055	0.468350
0.662902	248.474658	0.467246
0.712017	248.692260	0.465101
0.736729	248.909863	0.461916
0.737129	249.127466	0.457757
0.750146	249.345068	0.452623
0.739837	249.498938	0.446514
0.735128	249.652808	0.439462
0.714448	249.870411	0.431534
0.695522	250.024281	0.422695
0.664071	250.241883	0.413011
0.604339	250.395753	0.402516
0.585967	250.549623	0.391272
0.578551	250.703493	0.379249
0.594153	250.857363	0.366511
0.582767	251.074965	0.353156
0.589106	251.228835	0.339118
0.584828	251.382705	0.324534
0.575627	251.536575	0.309398
0.559809	251.754208	0.293778
0.586860	251.908078	0.277693
0.604093	252.125681	0.261218
0.609140	252.343284	0.244375
0.606493	252.560886	0.227221
0.617418	252.714756	0.209784
0.611848	252.932359	0.192136
0.603508	253.149962	0.174306
0.601939	253.303831	0.156333
0.590183	253.521434	0.138282
0.579843	253.739037	0.120183
0.563810	253.956639	0.102083
0.518695	254.174242	0.084022
0.493922	254.328112	0.066027
0.508755	254.545715	0.048164
0.523896	254.763317	0.030459
0.548023	254.917187	0.012937
0.547900	255.071057	-0.004356
0.570303	255.288660	-0.021372
0.571072	255.442530	-0.038104
0.550454	255.660132	-0.054497
0.554824	255.814002	-0.070543
0.575412	256.031605	-0.086196
0.564518	256.185475	-0.101456
0.572796	256.339345	-0.116280
0.551962	256.556978	-0.130643
0.556609	256.774581	-0.144531
0.551285	256.928451	-0.157942
0.553008	257.146053	-0.170836
0.568241	257.299923	-0.183220
0.565656	257.517526	-0.195064
0.566672	257.735128	-0.206369
0.598492	257.952731	-0.217122
0.610802	258.170334	-0.227322
0.635052	258.324204	-0.236976
0.660102	258.541806	-0.246052
0.665425	258.695676	-0.254582
0.674381	258.913279	-0.262534
0.671303	259.130882	-0.269926
0.668411	259.284752	-0.276776
0.693953	259.502354	-0.283057
0.709586	259.656224	-0.288809
0.725742	259.810094	-0.294018
0.719465	260.027697	-0.298684
0.738760	260.181566	-0.302844
0.724942	260.335436	-0.306493
0.715402	260.553039	-0.309629
0.687583	260.706909	-0.312287
0.626989	260.860779	-0.314470
0.613417	261.014648	-0.316193
0.611633	261.232251	-0.317453
0.607417	261.386121	-0.318289
0.600400	261.539991	-0.318704
0.589260	261.757593	-0.318701
0.577627	261.911463	-0.318315
0.553808	262.129097	-0.317541
0.507186	262.346699	-0.316401
0.483828	262.564302	-0.314909
0.459548	262.781905	-0.313080
0.478258	262.999508	-0.310932
0.491614	263.217110	-0.308469
0.504847	263.434713	-0.305713
0.501339	263.652316	-0.302668
0.501923	263.806186	-0.299367
0.499985	264.023788	-0.295789
0.505001	264.241391	-0.291961
0.529897	264.395261	-0.287906
0.538852	264.612864	-0.283607
0.567226	264.766733	-0.279100
0.591445	264.920603	-0.274375
0.606739	265.138206	-0.269436
0.624127	265.292076	-0.264308
0.632066	265.445946	-0.258985
0.617603	265.599815	-0.253480
0.592830	265.753685	-0.247791
0.593691	265.907555	-0.241925
0.601631	266.061425	-0.235884
0.626373	266.279028	-0.229665
0.621172	266.432897	-0.223289
0.590829	266.586767	-0.216751
0.586521	266.740637	-0.210054
0.548269	266.958240	-0.203181
0.503554	267.112110	-0.196166
0.488567	267.265979	-0.188994
0.526758	267.419849	-0.181670
0.552608	267.573719	-0.174189
0.552300	267.727589	-0.166556
0.544792	267.881459	-0.158774
0.527774	268.099092	-0.150829
0.510325	268.252962	-0.142747
0.526204	268.406832	-0.134516
0.541314	268.560702	-0.126142
0.562394	268.714571	-0.117625
0.564056	268.868441	-0.108969
0.580028	269.086044	-0.100159
0.582305	269.239914	-0.091230
0.599354	269.393784	-0.082167
0.605939	269.547653	-0.072977
0.621634	269.765256	-0.063654
0.629974	269.919126	-0.054228
0.623450	270.136729	-0.044681
0.615818	270.290599	-0.035039
0.632559	270.444468	-0.025302
0.666441	270.662071	-0.015465
0.700108	270.815941	-0.005562
0.718018	270.969811	0.004412
0.712879	271.123681	0.014444
0.677581	271.341283	0.024537
0.681059	271.495153	0.034653
0.680843	271.712756	0.044807
0.690045	271.866626	0.054959
0.673242	272.084228	0.065120
0.660994	272.238098	0.075252
0.654839	272.455701	0.085364
0.654716	272.609571	0.095418
0.658378	272.827173	0.105420
0.642407	273.044776	0.115344
0.650315	273.198646	0.125158
0.650469	273.416249	0.134870
0.640283	273.570118	0.144444
0.650100	273.787721	0.153880
0.658255	274.005324	0.163154
0.662810	274.222927	0.172243
0.665025	274.440560	0.181134
0.672226	274.658163	0.189810
0.681859	274.812033	0.198236
0.703431	275.029635	0.206428
0.740606	275.247238	0.214350
0.751316	275.401108	0.221980
0.714541	275.554978	0.229311
0.690814	275.708848	0.236333
0.691706	275.926450	0.243037
0.687675	276.080320	0.249389
0.670380	276.297923	0.255404
0.651516	276.451793	0.261042
0.648377	276.605662	0.266310
0.632128	276.759532	0.271190
0.589875	276.977135	0.275694
0.562302	277.194738	0.279798
0.538575	277.412340	0.283499
0.512140	277.629943	0.286791
0.499954	277.783813	0.289660
0.482997	278.001416	0.292127
0.476504	278.219018	0.294180
0.457147	278.372888	0.295808
0.415787	278.590491	0.297037
0.423173	278.744361	0.297849
0.424988	278.961963	0.298268
0.415141	279.115833	0.298278
0.423327	279.269703	0.297904
0.438775	279.487306	0.297164
0.451239	279.641176	0.296042
0.441022	279.795045	0.294564
0.433513	279.948915	0.292747
0.446376	280.166549	0.290613
0.458009	280.320419	0.288156
0.454039	280.474288	0.285400
0.447392	280.628158	0.282372
0.456378	280.782028	0.279083
0.464225	280.999631	0.275567
0.456716	281.153501	0.271821
0.442530	281.307370	0.267879
0.433790	281.461240	0.263759
0.445299	281.678843	0.259499
0.444222	281.832713	0.255099
0.450192	281.986583	0.250588
0.477735	282.140452	0.245994
0.526881	282.294322	0.241337
0.553408	282.448192	0.236645
0.580797	282.602062	0.231936
0.599538	282.755932	0.227234
0.609478	282.909802	0.222562
0.613294	283.063671	0.217941
0.613910	283.217541	0.213395
0.595722	283.371411	0.208940
0.589691	283.525281	0.204595
0.589445	283.679151	0.200384
0.571226	283.833020	0.196319
0.572242	284.050623	0.192432
0.569595	284.204493	0.188711
0.575781	284.358363	0.185183
0.601108	284.575966	0.181871
0.601846	284.729835	0.178765
0.615048	284.947438	0.175892
0.614895	285.165041	0.173250
0.617418	285.318911	0.170836
0.631297	285.536513	0.168672
0.616002	285.754116	0.166751
0.608094	285.907986	0.165058
0.599692	286.125589	0.163622
0.576950	286.343191	0.162420
0.572703	286.497061	0.161438
0.554208	286.714664	0.160691
0.558640	286.868534	0.160148
0.567749	287.022403	0.159807
0.570057	287.240006	0.159667
0.589229	287.393876	0.159690
0.589691	287.547746	0.159869
0.595815	287.701616	0.160191
0.614587	287.855485	0.160633
0.615048	288.009355	0.161172
0.615387	288.163225	0.161786
0.615479	288.317095	0.162452
0.615479	288.470965	0.163144
0.615387	288.624835	0.163837
0.615756	288.778704	0.164503
0.599877	288.932574	0.165110
0.604339	289.086444	0.165637
0.618095	289.240314	0.166046
0.611879	289.394184	0.166313
0.600154	289.611786	0.166417
0.609940	289.765656	0.166303
0.605724	289.919526	0.165955
0.598677	290.073396	0.165341
0.598892	290.227266	0.164434
0.582274	290.444868	0.163216
0.585505	290.598738	0.161630
0.575196	290.752608	0.159664
0.573196	290.906478	0.157292
0.563071	291.124111	0.154501
0.555562	291.277981	0.151241
0.544268	291.495584	0.147514
0.532636	291.649454	0.143277
0.521157	291.803324	0.138516
0.490014	292.020926	0.133236
0.479305	292.174796	0.127387
0.454562	292.392399	0.120989
0.411140	292.546269	0.114002
0.403231	292.700138	0.106428
0.370149	292.917741	0.098278
0.343376	293.071611	0.089524
0.305862	293.225481	0.080172
0.284044	293.443084	0.070241
0.292137	293.596953	0.059710
0.304139	293.750823	0.048596
0.305955	293.904693	0.036914
0.315649	294.058563	0.024676
0.306847	294.212433	0.011895
0.297584	294.430035	-0.001396
0.290198	294.583905	-0.015201
0.285121	294.737775	-0.029482
0.287983	294.891645	-0.044213
0.306416	295.045515	-0.059362
0.307309	295.199385	-0.074898
0.307586	295.353254	-0.090788
0.307309	295.507124	-0.106993
0.305955	295.660994	-0.123475
0.302508	295.814864	-0.140187
0.278197	295.968734	-0.157091
0.264964	296.122603	-0.174137
0.262256	296.276473	-0.191282
0.268841	296.430343	-0.208475
0.283828	296.647946	-0.225652
0.291522	296.801816	-0.242783
0.297184	296.955685	-0.259811
0.300539	297.109555	-0.276675
0.290322	297.263425	-0.293326
0.296661	297.417295	-0.309707
0.290383	297.634898	-0.325762
0.307340	297.788768	-0.341425
0.296015	297.942637	-0.356665
0.296353	298.096507	-0.371418
0.320265	298.314110	-0.385618
0.328112	298.467980	-0.399266
0.328204	298.621850	-0.412232
0.342206	298.775719	-0.424515
0.336760	298.993322	-0.436050
0.373565	299.147192	-0.446774
0.394584	299.364795	-0.456685
0.391168	299.518664	-0.465718
0.415295	299.736267	-0.473842
0.431543	299.890137	-0.480991
0.456039	300.107740	-0.487165
0.481520	300.261609	-0.492332
0.506324	300.479243	-0.496426
0.501554	300.696846	-0.499448
0.502877	300.914448	-0.501365
0.495922	301.068318	-0.502210
0.472319	301.222188	-0.501885
0.452162	301.439791	-0.500455
0.454408	301.593661	-0.497856
0.472873	301.747530	-0.494119
0.459363	301.965133	-0.489212
0.490291	302.119003	-0.483201
0.491953	302.272873	-0.476052
0.485675	302.490475	-0.467733
0.487398	302.644345	-0.458342
0.514602	302.798215	-0.447879
0.529928	302.952085	-0.436343
0.560271	303.105955	-0.423800
0.564210	303.323557	-0.410217
0.573011	303.541160	-0.395692
0.568057	303.695030	-0.380256
0.558394	303.912633	-0.363944
0.571134	304.130235	-0.346787
0.579135	304.284105	-0.328849
0.579043	304.501708	-0.310188
0.589937	304.719311	-0.290853
0.595815	304.873180	-0.270921
0.568641	305.027050	-0.250439
0.574365	305.180920	-0.229470
0.549962	305.334790	-0.208082
0.522450	305.552393	-0.186326
0.514325	305.706263	-0.164298
0.511771	305.860132	-0.142058
0.495307	306.077735	-0.119663
0.451854	306.231605	-0.097209
0.432159	306.449208	-0.074745
0.419634	306.666841	-0.052356
0.399292	306.884444	-0.030117
0.386213	307.102046	-0.008098
0.363533	307.319649	0.013628
0.345407	307.537252	0.034991
0.334575	307.754855	0.055917
0.329958	307.972457	0.076344
0.330143	308.190060	0.096198
0.336021	308.407663	0.115419
0.360948	308.625265	0.133941
0.380982	308.842868	0.151706
0.392737	309.060471	0.168656
0.346853	309.278074	0.184734
0.327435	309.431943	0.199880
0.340299	309.649546	0.214067
0.374304	309.803416	0.227228
0.409663	309.957286	0.239335
0.426066	310.111156	0.250348
0.432836	310.265025	0.260236
0.428374	310.418895	0.268968
0.402708	310.572765	0.276523
0.362025	310.726635	0.282882
0.329712	310.944238	0.288036
0.317403	311.098107	0.291955
0.321834	311.315741	0.294652
0.323096	311.533344	0.296117
0.329004	311.750946	0.296354
0.327497	311.968549	0.295370
0.312140	312.186152	0.293173
0.300354	312.340022	0.289774
0.294753	312.557624	0.285215
0.293553	312.711494	0.279499
0.296199	312.865364	0.272669
0.294815	313.019234	0.264756
0.303739	313.173104	0.255807
0.313771	313.326973	0.245857
0.312510	313.480843	0.234958
0.325558	313.634713	0.223156
0.344638	313.852316	0.210522
0.356178	314.069918	0.197098
0.355132	314.223788	0.182931
0.350208	314.377658	0.168097
0.353224	314.531528	0.152662
0.324819	314.685398	0.136693
0.313156	314.839268	0.120261
0.289860	314.993137	0.103435
0.285459	315.147007	0.086290
0.290291	315.300877	0.068899
0.297861	315.454747	0.051342
0.307863	315.672350	0.033697
0.319495	315.826219	0.016026
0.305062	315.980089	-0.001589
0.293799	316.133959	-0.019071
0.308047	316.287829	-0.036346
0.307740	316.441699	-0.053337
0.307647	316.595569	-0.069971
0.307309	316.749438	-0.086180
0.306416	316.903308	-0.101895
0.287983	317.057178	-0.117044
0.284967	317.211048	-0.131563
0.289368	317.364918	-0.145389
0.269457	317.518788	-0.158462
0.263610	317.736390	-0.170716
0.250869	317.890260	-0.182115
0.262379	318.044130	-0.192604
0.279889	318.198000	-0.202135
0.290814	318.415602	-0.210649
0.290845	318.569472	-0.218136
0.296015	318.787075	-0.224534
0.310109	319.004678	-0.229824
0.344915	319.158547	-0.234000
0.366579	319.376150	-0.237009
0.385044	319.593753	-0.238848
0.425019	319.811386	-0.239508
0.434528	319.965256	-0.238994
0.446776	320.182859	-0.237275
0.436159	320.336729	-0.234380
0.439914	320.554331	-0.230292
0.459886	320.708201	-0.225047
0.463425	320.862071	-0.218646
0.476350	321.079674	-0.211104
0.472750	321.233544	-0.202463
0.459024	321.387413	-0.192747
0.447577	321.541283	-0.181988
0.461948	321.695153	-0.170222
0.461702	321.849023	-0.157490
0.445976	322.002893	-0.143842
0.450654	322.156763	-0.129324
0.465179	322.310632	-0.113989
0.478289	322.464502	-0.097894
0.478289	322.682105	-0.081085
0.465179	322.835975	-0.063648
0.450654	322.989845	-0.045633
0.445976	323.143714	-0.027105
0.461702	323.297584	-0.008135
0.461517	323.451454	0.011209
0.461609	323.605324	0.030856
0.461609	323.759194	0.050734
0.462010	323.913064	0.070768
0.447269	324.066933	0.090889
0.455393	324.220803	0.111022
0.463148	324.374673	0.131091
0.486383	324.528543	0.151024
0.525742	324.746146	0.170764
0.589075	324.900015	0.190209
0.592060	325.117618	0.209320
0.601293	325.335221	0.228011
0.619788	325.552824	0.246215
0.608955	325.770426	0.263869
0.616710	325.988029	0.280910
0.595384	326.141899	0.297261
0.545622	326.295769	0.312878
0.507986	326.513371	0.327712
0.487706	326.667241	0.341717
0.432774	326.821111	0.354813
0.392953	326.974981	0.366966
0.383167	327.128851	0.378177
0.348484	327.282720	0.388348
0.301462	327.500323	0.397479
0.285952	327.654193	0.405538
0.266872	327.808063	0.412459
0.248346	328.025665	0.418276
0.228035	328.243299	0.422955
0.233944	328.397169	0.426464
0.247700	328.614772	0.428837
0.258286	328.832374	0.430006
0.285829	329.049977	0.430006
0.324081	329.267580	0.428804
0.323065	329.485182	0.426464
0.334728	329.702785	0.422955
0.339129	329.920388	0.418308
0.356609	330.074258	0.412557
0.366210	330.291860	0.405668
0.389968	330.509463	0.397739
0.388644	330.663333	0.388738
0.401385	330.880936	0.378762
0.386429	331.034805	0.367778
0.367195	331.252408	0.355853
0.363625	331.470011	0.343082
0.356855	331.623881	0.329402
0.370088	331.841483	0.314955
0.379197	332.059086	0.299753
0.397907	332.276719	0.283847
0.423788	332.494322	0.267294
0.430651	332.711925	0.250143
0.432682	332.929528	0.232456
0.420188	333.147130	0.214288
0.417357	333.364733	0.195695
0.405570	333.582336	0.176734
0.392276	333.799938	0.157468
0.385752	333.953808	0.137941
0.395815	334.171411	0.118233
0.417910	334.325281	0.098382
0.435729	334.479151	0.078456
0.404616	334.633020	0.058514
0.353224	334.786890	0.038611
0.325989	334.940760	0.018797
0.315864	335.094630	-0.000869
0.315525	335.248500	-0.020338
0.324111	335.402370	-0.039559
0.342422	335.556239	-0.058485
0.369349	335.710109	-0.077068
0.400031	335.863979	-0.095269
0.427020	336.017849	-0.113040
0.445669	336.171719	-0.130347
0.455670	336.325589	-0.147154
0.459825	336.479458	-0.163421
0.461117	336.633328	-0.179125
0.461579	336.787198	-0.194232
0.445884	336.941068	-0.208722
0.449361	337.094938	-0.222568
0.446623	337.248808	-0.235751
0.460409	337.402677	-0.248255
0.456624	337.620280	-0.260054
0.448992	337.774150	-0.271161
0.447146	337.991753	-0.281543
0.441083	338.145622	-0.291220
0.426096	338.363225	-0.300163
0.426589	338.580828	-0.308387
0.411509	338.798431	-0.315890
0.368118	339.016033	-0.322682
0.357963	339.233667	-0.328752
0.345899	339.451269	-0.334146
0.343191	339.668872	-0.338858
0.326235	339.886475	-0.342887
0.302046	340.040345	-0.346267
0.291337	340.257947	-0.348996
0.288414	340.411817	-0.351108
0.277150	340.629420	-0.352603
0.292445	340.847023	-0.353513
0.284505	341.000892	-0.353903
0.299431	341.154762	-0.353741
0.298723	341.372365	-0.353058
0.303739	341.526235	-0.351888
0.325250	341.743838	-0.350231
0.323865	341.897707	-0.348151
0.329128	342.051577	-0.345649
0.328481	342.205447	-0.342757
0.310386	342.359317	-0.339508
0.308601	342.513187	-0.335901
0.309617	342.667056	-0.331969
0.313771	342.820926	-0.327745
0.324204	342.974796	-0.323254
0.348331	343.128666	-0.318493
0.394030	343.282536	-0.313492
0.421665	343.436406	-0.308270
0.452408	343.590275	-0.302847
0.462102	343.744145	-0.297235
0.485675	343.961748	-0.291435
0.513279	344.115618	-0.285488
0.524604	344.333220	-0.279379
0.529343	344.487090	-0.273140
0.548177	344.704693	-0.266758
0.546638	344.858563	-0.260262
0.550639	345.076166	-0.253633
0.535005	345.293768	-0.246887
0.526696	345.447638	-0.240037
0.490322	345.601508	-0.233074
0.448500	345.755378	-0.225990
0.451269	345.909248	-0.218789
0.422557	346.063117	-0.211464
0.377412	346.280720	-0.204000
0.336206	346.434590	-0.196410
0.306570	346.588460	-0.188679
0.301400	346.742330	-0.180799
0.340729	346.896199	-0.172756
0.344268	347.050069	-0.164548
0.342730	347.203939	-0.156155
0.336421	347.357809	-0.147573
0.326327	347.575442	-0.138776
0.311894	347.729312	-0.129779
0.296907	347.883182	-0.120556
0.291860	348.037052	-0.111097
0.293399	348.190922	-0.101388
0.304262	348.344792	-0.091425
0.332051	348.498661	-0.081195
0.363933	348.652531	-0.070686
0.388491	348.870134	-0.059885
0.399877	349.024004	-0.048801
0.398215	349.177874	-0.037424
0.384521	349.331743	-0.025744
0.345407	349.485613	-0.013760
0.323681	349.639483	-0.001470
0.313679	349.793353	0.011123
0.309586	349.947223	0.024020
0.308601	350.101092	0.037213
0.309678	350.254962	0.050699
0.315464	350.408832	0.064467
0.340268	350.562702	0.078508
0.348977	350.716572	0.092809
0.353654	350.870442	0.107354
0.363133	351.024311	0.122123
0.388798	351.241914	0.137113
0.398184	351.395784	0.152272
0.405816	351.549654	0.167590
0.428804	351.703524	0.183041
0.427666	351.921126	0.198606
0.423204	352.074996	0.214230
0.391691	352.228866	0.229889
0.359378	352.446469	0.245561
0.358024	352.600339	0.261185
0.343068	352.754208	0.276731
0.364764	352.908078	0.292159
0.425512	353.061948	0.307422
0.454901	353.215818	0.322477
0.466810	353.433421	0.337298
0.450992	353.651023	0.351791
0.429020	353.868626	0.365959
0.414341	354.086229	0.379737
0.402708	354.240098	0.393027
0.391445	354.393968	0.405830
0.363502	354.547838	0.418081
0.334421	354.701708	0.429714
0.329097	354.855578	0.440697
0.332482	355.009448	0.450998
0.347684	355.227050	0.460552
0.382243	355.444653	0.469293
0.400246	355.598523	0.477157
0.399138	355.816126	0.484175
0.376273	356.033728	0.490220
0.350485	356.187598	0.495289
0.339529	356.405201	0.499351
0.322788	356.622834	0.502340
0.316326	356.840437	0.504225
0.326450	357.058040	0.505005
0.326389	357.275642	0.504615
0.326419	357.493245	0.503023
0.326389	357.710848	0.500228
0.326389	357.928451	0.496231
0.326327	358.146053	0.490934
0.315710	358.363656	0.484435
0.320572	358.581259	0.476637
0.334021	358.798861	0.467571
0.338944	359.016464	0.457205
0.357224	359.170334	0.445604
0.366949	359.387937	0.432736
0.356332	359.605539	0.418601
0.362487	359.759409	0.403263
0.361225	359.977012	0.386723
0.361717	360.194645	0.368981
0.358394	360.348515	0.350069
0.344668	360.502385	0.330084
0.356239	360.719988	0.309001
0.371196	360.873858	0.286889
0.383874	361.027727	0.263794
0.393661	361.181597	0.239771
0.419388	361.335467	0.214876
0.428220	361.489337	0.189170
0.424650	361.643207	0.162715
0.415479	361.860809	0.135595
0.412371	362.078412	0.107867
0.382951	362.296015	0.079603
0.371811	362.513617	0.050884
0.378889	362.731220	0.021785
0.404154	362.948823	-0.007606
0.428189	363.166426	-0.037210
0.434867	363.384028	-0.066936
0.447915	363.537898	-0.096712
0.445022	363.755501	-0.126422
0.439175	363.973104	-0.155989
0.444038	364.126973	-0.185338
0.420926	364.344576	-0.214353
0.405662	364.498446	-0.242965
0.385936	364.652316	-0.271073
0.348607	364.869918	-0.298577
0.331990	365.023788	-0.325405
0.290752	365.177658	-0.351466
0.291276	365.331528	-0.376682
0.334575	365.485398	-0.400956
0.355870	365.639268	-0.424222
0.402924	365.856870	-0.446384
0.432528	366.010740	-0.467376
0.452500	366.164610	-0.487133
0.467333	366.382243	-0.505590
0.480566	366.536113	-0.522650
0.468841	366.753716	-0.538280
0.455239	366.971319	-0.552447
0.461886	367.188921	-0.565056
0.446284	367.406524	-0.576071
0.433636	367.624127	-0.585495
0.433605	367.841729	-0.593229
0.423388	367.995599	-0.599305
0.425327	368.213202	-0.603660
0.436406	368.430805	-0.606292
0.433359	368.584675	-0.607202
0.458378	368.802277	-0.606357
0.450285	368.956147	-0.603757
0.428835	369.110017	-0.599435
0.428189	369.327620	-0.593359
0.471980	369.481489	-0.585592
0.491091	369.635359	-0.576136
0.499646	369.852962	-0.565023
0.475242	370.006832	-0.552285
0.487767	370.160702	-0.537987
0.508386	370.314571	-0.522162
0.522203	370.532174	-0.504842
0.508170	370.686044	-0.486125
0.506016	370.903647	-0.466043
0.496476	371.121249	-0.444662
0.481243	371.338883	-0.422078
0.477920	371.492753	-0.398356
0.469765	371.710355	-0.373595
0.465456	371.864225	-0.347859
0.466595	372.018095	-0.321268
0.470565	372.235698	-0.293869
0.456747	372.389568	-0.265796
0.437144	372.543437	-0.237129
0.433851	372.697307	-0.207974
0.385198	372.914910	-0.178417
0.337960	373.068780	-0.148587
0.309740	373.222650	-0.118581
0.327589	373.376519	-0.088497
0.352977	373.530389	-0.058446
0.347130	373.684259	-0.028530
0.341253	373.838129	0.001143
0.342914	374.055732	0.030484
0.375504	374.209601	0.059362
0.371288	374.427204	0.087704
0.390552	374.581074	0.115386
0.406093	374.798677	0.142335
0.400585	374.952547	0.168431
0.414587	375.106416	0.193599
0.399815	375.324019	0.217762
0.390583	375.477889	0.240811
0.363687	375.631759	0.262683
0.334390	375.849361	0.283314
0.323742	376.003231	0.302613
0.302354	376.157101	0.320521
0.293368	376.310971	0.336973
0.307986	376.464841	0.351953
0.307740	376.618711	0.365341
0.307740	376.772580	0.377169
0.307740	376.926450	0.387373
0.307740	377.080320	0.395919
0.307740	377.234190	0.402743
0.308047	377.388060	0.407910
0.293707	377.541930	0.411354
0.303185	377.695799	0.413076
0.315187	377.849669	0.413109
0.348546	378.003539	0.411419
0.409694	378.221142	0.408072
0.490722	378.375012	0.403035
0.535036	378.592614	0.396342
0.587567	378.810217	0.388088
0.649915	379.027820	0.378242
0.559532	379.245422	0.366869
0.484013	379.399292	0.354033
0.424865	379.553162	0.339768
0.373288	379.707032	0.324177
0.349654	379.924665	0.307299
0.339191	380.078535	0.289196
0.345284	380.296138	0.269968
0.343130	380.450008	0.249675
0.334544	380.667610	0.228417
0.354054	380.885213	0.206278
0.355255	381.102816	0.183343
0.363256	381.256686	0.159690
0.361102	381.410555	0.135436
0.341899	381.628158	0.110681
0.343745	381.782028	0.085504
0.358824	381.999631	0.060028
0.384398	382.153501	0.034328
0.381966	382.371103	0.008534
0.385906	382.524973	-0.017281
0.376150	382.742576	-0.042991
0.400400	382.896446	-0.068519
0.397723	383.114048	-0.093748
0.394307	383.331651	-0.118587
0.410432	383.549254	-0.142942
0.428897	383.703124	-0.166738
0.487152	383.920726	-0.189855
0.534605	384.138329	-0.212222
0.553501	384.355932	-0.233753
0.554362	384.573565	-0.254371
0.558301	384.727435	-0.274011
0.554701	384.881305	-0.292591
0.540976	385.035175	-0.310048
0.510448	385.189044	-0.326315
0.494014	385.342914	-0.341327
0.459609	385.496784	-0.355073
0.438190	385.714387	-0.367421
0.416741	385.868257	-0.378437
0.411386	386.085859	-0.388023
0.397938	386.303462	-0.396147
0.366918	386.521065	-0.402808
0.339468	386.674935	-0.408007
0.331005	386.892537	-0.411679
0.305616	387.046407	-0.413889
0.291276	387.264010	-0.414604
0.261733	387.417880	-0.413824
0.283090	387.571749	-0.411549
0.311802	387.725619	-0.407845
0.350423	387.879489	-0.402711
0.359440	388.097092	-0.396179
0.350115	388.250962	-0.388283
0.364364	388.404832	-0.379054
0.379782	388.622434	-0.368558
0.410832	388.776304	-0.356828
0.391260	388.930174	-0.343960
0.366826	389.147777	-0.329987
0.328235	389.301646	-0.314964
0.306539	389.519249	-0.298967
0.273457	389.736852	-0.282070
0.247669	389.954455	-0.264350
0.246900	390.172057	-0.245883
0.244961	390.389660	-0.226753
0.243299	390.543530	-0.207055
0.236467	390.761163	-0.186843
0.208617	390.978766	-0.166222
0.186613	391.196369	-0.145275
0.166149	391.413971	-0.124092
0.175104	391.631574	-0.102756
0.198554	391.785444	-0.081371
0.244130	392.003047	-0.059999
0.235452	392.220649	-0.038737
0.244622	392.438252	-0.017669
0.256532	392.655855	0.003119
0.253731	392.809725	0.023534
0.277027	392.963594	0.043511
0.305032	393.181197	0.062982
0.322480	393.335067	0.081848
0.319926	393.552670	0.100068
0.287213	393.706539	0.117551
0.277212	393.924142	0.134250
0.265979	394.141745	0.150101
0.240068	394.359348	0.165045
0.246592	394.513217	0.179025
0.242068	394.730820	0.192010
0.243299	394.948454	0.203952
0.262133	395.102323	0.214805
0.256655	395.319926	0.224557
0.267210	395.473796	0.233161
0.274658	395.627666	0.240606
0.272719	395.845269	0.246891
0.287183	395.999138	0.251982
0.284752	396.153008	0.255885
0.291152	396.306878	0.258598
0.328697	396.460748	0.260135
0.329004	396.614618	0.260499
0.338821	396.768487	0.259713
0.342945	396.922357	0.257796
0.338483	397.139960	0.254784
0.331189	397.293830	0.250686
0.356024	397.511433	0.245565
0.335098	397.729035	0.239446
0.286659	397.946638	0.232375
0.267118	398.100508	0.224391
0.254870	398.254378	0.215552
0.287860	398.471980	0.205931
0.315956	398.689583	0.195574
0.340668	398.843453	0.184529
0.334513	399.061056	0.172890
0.337036	399.214925	0.160698
0.337898	399.432528	0.148044
0.337837	399.586398	0.134974
0.337806	399.804001	0.121587
0.338267	399.957870	0.107932
0.336883	400.175473	0.094109
0.333405	400.329343	0.080165
0.335436	400.546946	0.066199
0.337160	400.700816	0.052262
0.336575	400.918449	0.038448
0.332143	401.136052	0.024824
0.308571	401.289922	0.011443
0.308509	401.507524	-0.001598
0.285644	401.661394	-0.014257
0.285767	401.878997	-0.026445
0.278874	402.096599	-0.038110
0.266903	402.250469	-0.049207
0.238314	402.468072	-0.059651
0.265395	402.621942	-0.069416
0.294291	402.775812	-0.078440
0.338360	402.929681	-0.086674
0.419357	403.147284	-0.094067
0.465302	403.301154	-0.100601
0.489952	403.518757	-0.106223
0.482320	403.736359	-0.110915
0.447423	403.953962	-0.114652
0.354331	404.171565	-0.117414
0.274288	404.389168	-0.119185
0.223019	404.606770	-0.119955
0.187136	404.760640	-0.119731
0.140022	404.978243	-0.118490
0.131774	405.132113	-0.116257
0.125558	405.349715	-0.113021
0.128943	405.567349	-0.108806
0.141868	405.784952	-0.103630
0.173657	406.002554	-0.097517
0.190337	406.156424	-0.090505
0.191937	406.374027	-0.082609
0.187044	406.527897	-0.073881
0.178212	406.681766	-0.064350
0.180459	406.835636	-0.054065
0.171934	406.989506	-0.043072
0.193291	407.143376	-0.031422
0.243330	407.297246	-0.019169
0.281828	407.451116	-0.006369
0.289983	407.604985	0.006916
0.313187	407.758855	0.020625
0.312387	407.976458	0.034705
0.300015	408.194061	0.049077
0.288014	408.411663	0.063674
0.271026	408.629266	0.078430
0.250715	408.783136	0.093257
0.228251	408.937006	0.108104
0.195107	409.090876	0.122893
0.163010	409.244745	0.137558
0.156578	409.398615	0.152028
0.140422	409.552485	0.166235
0.150269	409.706355	0.180110
0.178704	409.860225	0.193582
0.217387	410.014094	0.206590
0.257824	410.231697	0.219085
0.290291	410.385567	0.230974
0.285490	410.539437	0.242214
0.289952	410.693307	0.252753
0.307401	410.847176	0.262530
0.287552	411.001046	0.271499
0.283059	411.154916	0.279613
0.266718	411.308786	0.286830
0.263702	411.462656	0.293111
0.253024	411.680259	0.298431
0.240160	411.834128	0.302736
0.234898	412.051731	0.306025
0.216556	412.205601	0.308248
0.202647	412.423204	0.309414
0.214064	412.640806	0.309495
0.223911	412.858409	0.308485
0.242037	413.012279	0.306366
0.239360	413.229882	0.303162
0.222096	413.447515	0.298866
0.204185	413.665118	0.293492
0.160548	413.882720	0.287048
0.147223	414.100323	0.279558
0.136698	414.254193	0.271028
0.134667	414.471796	0.261513
0.141129	414.625665	0.251021
0.134113	414.843268	0.239608
0.131713	414.997138	0.227296
0.146823	415.151008	0.214132
0.169257	415.304878	0.200169
0.230097	415.522480	0.185468
0.267487	415.676350	0.170056
0.280812	415.893953	0.154013
0.266379	416.047823	0.137376
0.235329	416.201693	0.120212
0.226466	416.419295	0.102603
0.210155	416.573165	0.084588
0.198400	416.727035	0.066241
0.187844	416.880905	0.047634
0.145561	417.034775	0.028835
0.144853	417.188644	0.009911
0.158978	417.342514	-0.009068
0.174396	417.496384	-0.028032
0.185044	417.713987	-0.046900
0.176550	417.867857	-0.065627
0.184921	418.021726	-0.084133
0.196830	418.175596	-0.102350
0.182674	418.329466	-0.120215
0.201477	418.547069	-0.137649
0.204555	418.700939	-0.154618
0.207047	418.854808	-0.171047
0.213387	419.072411	-0.186866
0.225512	419.226281	-0.202047
0.261456	419.443884	-0.216514
0.266656	419.661486	-0.230227
0.267426	419.879089	-0.243141
0.243699	420.096723	-0.255216
0.234928	420.314325	-0.266410
0.224311	420.468195	-0.276705
0.214248	420.622065	-0.286053
0.195846	420.839668	-0.294414
0.209632	420.993537	-0.301794
0.227081	421.147407	-0.308160
0.247330	421.301277	-0.313492
0.258409	421.455147	-0.317785
0.264902	421.672750	-0.321018
0.270934	421.826619	-0.323212
0.285613	422.044222	-0.324346
0.312110	422.261825	-0.324437
0.343868	422.415695	-0.323510
0.375996	422.569565	-0.321564
0.403724	422.723434	-0.318617
0.429235	422.877304	-0.314691
0.426373	423.031174	-0.309814
0.419080	423.248777	-0.303997
0.399077	423.402647	-0.297303
0.359348	423.620249	-0.289738
0.325465	423.837852	-0.281361
0.306416	424.055455	-0.272204
0.270780	424.273057	-0.262316
0.197353	424.490660	-0.251742
0.127681	424.644530	-0.240547
0.098723	424.798400	-0.228765
0.115064	425.016002	-0.216439
0.151993	425.169872	-0.203646
0.160886	425.387475	-0.190417
0.153100	425.605108	-0.176822
0.131897	425.822711	-0.162914
0.099400	426.040314	-0.148756
0.091368	426.194184	-0.134416
0.103431	426.348054	-0.119936
0.128420	426.501923	-0.105378
0.156055	426.719526	-0.090785
0.169288	426.873396	-0.076237
0.182490	427.027266	-0.061776
0.187013	427.181136	-0.047456
0.220495	427.335005	-0.033330
0.278504	427.488875	-0.019450
0.315125	427.642745	-0.005861
