1.875947	0.000000	0.000908
1.860055	0.111759	0.002750
1.844565	0.269809	0.004470
1.836630	0.427859	0.006136
1.865844	0.585909	0.007746
1.876685	0.743959	0.009298
1.874159	0.902009	0.010791
1.870806	1.060059	0.012221
1.873533	1.171819	0.013657
1.870113	1.329869	0.014960
1.858692	1.487941	0.016196
1.858647	1.645991	0.017365
1.886318	1.757751	0.018533
1.884866	1.915801	0.019562
1.883323	2.073851	0.020519
1.867275	2.231901	0.021403
1.872818	2.343660	0.022282
1.865621	2.455419	0.023086
1.849170	2.613469	0.023746
1.821118	2.771519	0.024328
1.825320	2.883279	0.024902
1.824001	3.041329	0.025328
1.815687	3.153088	0.025745
1.810344	3.311138	0.026013
1.816737	3.422897	0.026270
1.777331	3.580947	0.026378
1.761550	3.692707	0.026475
1.734952	3.804466	0.026490
1.737097	3.962516	0.026357
1.738528	4.120566	0.026142
1.738327	4.232325	0.025915
1.748743	4.390375	0.025538
1.742037	4.502135	0.025150
1.699613	4.613894	0.024683
1.698227	4.771944	0.024066
1.667650	4.883703	0.023438
1.648696	5.041753	0.022663
1.640806	5.153513	0.021878
1.621695	5.265272	0.021016
1.605512	5.423344	0.020009
1.595007	5.535104	0.018993
1.606942	5.693154	0.017835
1.614542	5.804913	0.016671
1.605378	5.962963	0.015365
1.603612	6.074722	0.014057
1.569861	6.186482	0.012678
1.543061	6.298241	0.011229
1.535841	6.456291	0.009644
1.548246	6.568050	0.008061
1.545385	6.726100	0.006344
1.547978	6.837860	0.004633
1.541049	6.949619	0.002860
1.549409	7.061378	0.001027
1.523347	7.219428	-0.000933
1.529493	7.331188	-0.002881
1.554371	7.442947	-0.004883
1.554997	7.554706	-0.006939
1.559467	7.712756	-0.009113
1.582177	7.824516	-0.011268
1.576343	7.936275	-0.013469
1.572901	8.048034	-0.015715
1.565323	8.159793	-0.018002
1.611815	8.271553	-0.020330
1.653770	8.383312	-0.022695
1.653367	8.541362	-0.025165
1.638347	8.653121	-0.027599
1.645432	8.764881	-0.030064
1.664767	8.876640	-0.032557
1.678737	8.988399	-0.035075
1.680704	9.100159	-0.037617
1.687968	9.211918	-0.040180
1.701513	9.323677	-0.042761
1.721116	9.435437	-0.045356
1.743423	9.547196	-0.047969
1.763026	9.658955	-0.050586
1.776571	9.770715	-0.053217
1.783835	9.882474	-0.055848
1.786875	9.994233	-0.058483
1.787836	10.105993	-0.061122
1.788082	10.217752	-0.063753
1.788149	10.329511	-0.066384
1.788149	10.441270	-0.069001
1.790004	10.553030	-0.071609
1.778202	10.664789	-0.074209
1.796486	10.776548	-0.076786
1.840363	10.888308	-0.079349
1.888241	11.000067	-0.081886
1.886721	11.158117	-0.084472
1.861217	11.269876	-0.086964
1.861083	11.381636	-0.089424
1.875277	11.493395	-0.091854
1.921701	11.605154	-0.094247
1.923132	11.716914	-0.096609
1.914325	11.828673	-0.098927
1.907284	11.986723	-0.101276
1.853551	12.098482	-0.103508
1.881557	12.210242	-0.105696
1.949328	12.322001	-0.107834
2.021167	12.433760	-0.109924
2.002369	12.591810	-0.112031
1.972664	12.703570	-0.114008
1.976084	12.815329	-0.115932
1.998279	12.927088	-0.117793
2.013523	13.038848	-0.119596
2.010394	13.150607	-0.121332
2.011914	13.262366	-0.123005
1.992177	13.374125	-0.124612
1.954089	13.485885	-0.126146
1.959454	13.597644	-0.127609
1.984801	13.709403	-0.129000
1.997072	13.867453	-0.130383
1.971635	13.979213	-0.131622
1.993160	14.090972	-0.132785
1.996915	14.202731	-0.133868
1.952994	14.314491	-0.134875
1.955006	14.426250	-0.135792
2.002638	14.584300	-0.136700
2.032365	14.696059	-0.137456
2.015602	14.854109	-0.138190
1.981716	14.965869	-0.138776
1.944478	15.123941	-0.139340
1.931648	15.235700	-0.139742
1.943472	15.393750	-0.140131
1.935582	15.505510	-0.140360
1.947808	15.617269	-0.140494
1.946512	15.775319	-0.140610
1.946244	15.933369	-0.140637
1.931469	16.045128	-0.140498
1.929703	16.203178	-0.140342
1.933213	16.361228	-0.140087
1.943740	16.472988	-0.139675
1.953642	16.631038	-0.139237
1.992020	16.742797	-0.138642
1.987885	16.900847	-0.138020
1.919645	17.058897	-0.137308
1.817609	17.170656	-0.136432
1.791994	17.328706	-0.135537
1.778135	17.486757	-0.134548
1.713740	17.598516	-0.133403
1.689354	17.756566	-0.132235
1.679407	17.868325	-0.130906
1.604059	18.026375	-0.129560
1.586267	18.138135	-0.128061
1.578578	18.296185	-0.126540
1.634324	18.407944	-0.124867
1.649500	18.565994	-0.123175
1.722479	18.677753	-0.121332
1.816402	18.835826	-0.119480
1.755359	18.947585	-0.117476
1.661168	19.059344	-0.115391
1.574286	19.217394	-0.113297
1.471647	19.375444	-0.111127
1.406290	19.487204	-0.108814
1.351327	19.645254	-0.106497
1.347393	19.757013	-0.104041
1.334429	19.915063	-0.101580
1.296721	20.026822	-0.098985
1.272916	20.184872	-0.096395
1.261159	20.296632	-0.093670
1.234471	20.454682	-0.090954
1.235879	20.612732	-0.088176
1.224390	20.724491	-0.085277
1.228414	20.882541	-0.082387
1.222490	21.040591	-0.079448
1.191399	21.152350	-0.076387
1.188359	21.310400	-0.073345
1.177183	21.422160	-0.070191
1.144907	21.580210	-0.067064
1.146494	21.738260	-0.063896
1.135251	21.850019	-0.060621
1.139587	22.008069	-0.057378
1.132725	22.166119	-0.054103
1.104160	22.277878	-0.050730
1.105769	22.435951	-0.047396
1.096091	22.547710	-0.043969
1.076935	22.705760	-0.040589
1.089922	22.863810	-0.037191
1.090637	22.975569	-0.033706
1.107937	23.133619	-0.030278
1.104294	23.291669	-0.026838
1.118778	23.403429	-0.023321
1.128166	23.561479	-0.019869
1.135072	23.673238	-0.016344
1.137933	23.831288	-0.012890
1.137844	23.943047	-0.009370
1.137375	24.101097	-0.005925
1.132837	24.212857	-0.002420
1.124120	24.324616	0.001073
1.112698	24.482666	0.004482
1.104517	24.594425	0.007943
1.096068	24.706185	0.011382
1.098952	24.864235	0.014730
1.096337	24.975994	0.018121
1.094682	25.087753	0.021483
1.101880	25.245803	0.024744
1.105054	25.357563	0.028041
1.117057	25.469322	0.031300
1.112966	25.627372	0.034451
1.107155	25.739131	0.037629
1.117951	25.850891	0.040762
1.123002	25.962650	0.043848
1.103735	26.120700	0.046815
1.108876	26.232459	0.049799
1.117951	26.344219	0.052729
1.122980	26.455978	0.055602
1.103780	26.614028	0.058344
1.110150	26.725787	0.061096
1.122019	26.837547	0.063784
1.126154	26.949306	0.066406
1.122555	27.107356	0.068894
1.130244	27.219115	0.071377
1.116185	27.330875	0.073788
1.107289	27.442634	0.076128
1.118107	27.554393	0.078392
1.093766	27.666153	0.080575
1.073247	27.777912	0.082682
1.050962	27.889671	0.084709
1.032276	28.001431	0.086650
1.021771	28.113190	0.088512
1.022039	28.224949	0.090288
1.043765	28.336708	0.091974
1.070587	28.448468	0.093576
1.072129	28.560227	0.095088
1.075996	28.671986	0.096511
1.070788	28.783746	0.097844
1.074074	28.941818	0.099016
1.059165	29.053577	0.100162
1.036724	29.211627	0.101146
1.027225	29.323387	0.102108
1.020452	29.481437	0.102904
1.011914	29.593196	0.103674
1.020564	29.751246	0.104282
1.013791	29.909296	0.104792
1.035115	30.021055	0.105275
1.052393	30.179105	0.105593
1.083216	30.337156	0.105817
1.120477	30.448915	0.106014
1.149869	30.606965	0.106045
1.198775	30.765015	0.105982
1.245356	30.876774	0.105893
1.289725	31.034824	0.105638
1.337848	31.192874	0.105289
1.352399	31.304634	0.104917
1.371443	31.462684	0.104381
1.381189	31.620734	0.103754
1.382507	31.778784	0.103038
1.378037	31.936856	0.102229
1.368694	32.048615	0.101401
1.346879	32.206665	0.100412
1.343436	32.318425	0.099410
1.343816	32.476475	0.098251
1.366906	32.634525	0.097008
1.397573	32.792575	0.095683
1.419992	32.904334	0.094346
1.424954	33.062384	0.092860
1.429402	33.220434	0.091299
1.447104	33.332193	0.089729
1.447842	33.490243	0.088011
1.454615	33.602003	0.086297
1.451351	33.760053	0.084440
1.469121	33.871812	0.082584
1.467377	34.029862	0.080593
1.495206	34.141621	0.078606
1.496681	34.299671	0.076490
1.479246	34.411431	0.074383
1.480900	34.569481	0.072151
1.470417	34.727531	0.069864
1.476475	34.839290	0.067592
1.513065	34.951049	0.065274
1.572409	35.109099	0.062840
1.576969	35.220859	0.060429
1.562619	35.332618	0.057977
1.579629	35.490668	0.055418
1.610698	35.602427	0.052895
1.631060	35.760500	0.050264
1.656295	35.872259	0.047674
1.691008	35.984018	0.045061
1.726570	36.095778	0.042418
1.795659	36.253828	0.039688
1.814703	36.365587	0.037007
1.821342	36.477346	0.034312
1.858669	36.589106	0.031604
1.874807	36.700865	0.028886
1.895863	36.858915	0.026094
1.902434	36.970674	0.023367
1.925792	37.082434	0.020641
1.929949	37.194193	0.017918
1.925702	37.305952	0.015200
1.936722	37.464002	0.012423
1.941103	37.575762	0.009728
1.948390	37.687521	0.007047
1.957330	37.799280	0.004386
1.909475	37.911040	0.001745
1.920517	38.022799	-0.000870
1.926105	38.134558	-0.003458
1.932095	38.292608	-0.006084
1.935805	38.404368	-0.008607
1.929927	38.516127	-0.011093
1.922216	38.627886	-0.013540
1.908559	38.739645	-0.015945
1.886788	38.851405	-0.018304
1.897450	39.009455	-0.020684
1.911263	39.121214	-0.022943
1.915175	39.232973	-0.025149
1.914236	39.391023	-0.027368
1.899573	39.502783	-0.029458
1.879568	39.614542	-0.031486
1.873488	39.726301	-0.033450
1.865531	39.884351	-0.035417
1.861061	39.996111	-0.037245
1.861173	40.154161	-0.039070
1.863944	40.265920	-0.040752
1.867811	40.377679	-0.042358
1.870046	40.535729	-0.043955
1.866537	40.693779	-0.045473
1.884463	40.851829	-0.046904
1.807618	40.963589	-0.048184
1.771653	41.121639	-0.049446
1.800331	41.279689	-0.050622
1.813094	41.437739	-0.051705
1.779432	41.595811	-0.052698
1.726860	41.707571	-0.053530
1.697669	41.865621	-0.054336
1.683162	42.023671	-0.055042
1.544447	42.135430	-0.055588
1.518519	42.293480	-0.056098
1.499586	42.405239	-0.056443
1.517244	42.563289	-0.056756
1.559065	42.721339	-0.056971
1.635262	42.833099	-0.057006
1.629048	42.991149	-0.057015
1.596459	43.102908	-0.056845
1.672590	43.260958	-0.056644
1.633720	43.372717	-0.056268
1.587362	43.484477	-0.055790
1.545363	43.642527	-0.055271
1.518787	43.754286	-0.054582
1.546280	43.866045	-0.053785
1.606250	43.977805	-0.052881
1.672322	44.089564	-0.051875
1.670958	44.247614	-0.050832
1.640761	44.359373	-0.049616
1.645611	44.471133	-0.048296
1.668745	44.582892	-0.046873
1.683252	44.694651	-0.045347
1.665348	44.806411	-0.043718
1.662979	44.918170	-0.041989
1.658754	45.029929	-0.040161
1.668701	45.141688	-0.038234
1.675473	45.299738	-0.036279
1.675518	45.411498	-0.034159
1.687610	45.523257	-0.031945
1.692461	45.635016	-0.029637
1.674982	45.746776	-0.027238
1.719998	45.904826	-0.024818
1.711639	46.016585	-0.022241
1.693087	46.128344	-0.019579
1.707168	46.286394	-0.016901
1.746239	46.398154	-0.014073
1.737231	46.509913	-0.011166
1.748072	46.621672	-0.008181
1.756499	46.733432	-0.005121
1.752163	46.891482	-0.002058
1.745144	47.003241	0.001143
1.755515	47.115000	0.004412
1.774626	47.226760	0.007746
1.789423	47.338519	0.011140
1.787836	47.450278	0.014594
1.788082	47.562038	0.018103
1.787903	47.673797	0.021665
1.786875	47.785556	0.025277
1.783835	47.897316	0.028935
1.776571	48.009075	0.032637
1.763026	48.120834	0.036378
1.743423	48.232593	0.040155
1.721138	48.344353	0.043966
1.701580	48.456112	0.047808
1.688326	48.567871	0.051674
1.682358	48.679631	0.055561
1.692528	48.791390	0.059472
1.730057	48.903149	0.063395
1.710633	49.014909	0.067332
1.730593	49.126668	0.071274
1.789043	49.238427	0.075220
1.823934	49.396477	0.079099
1.757885	49.554550	0.082977
1.732761	49.666309	0.086914
1.607211	49.824359	0.090771
1.540870	49.936118	0.094681
1.551286	50.094168	0.098502
1.527370	50.252218	0.102305
1.532578	50.363978	0.106148
1.543642	50.522028	0.109888
1.581014	50.680078	0.113597
1.630546	50.791837	0.117337
1.703503	50.949887	0.120965
1.803371	51.107937	0.124544
1.789267	51.219696	0.128146
1.856881	51.377746	0.131622
1.927803	51.535797	0.135040
1.858937	51.693847	0.138400
1.892689	51.851897	0.141693
1.956436	52.009947	0.144914
1.937080	52.121706	0.148135
2.000983	52.279756	0.151209
2.007801	52.437828	0.154202
1.999888	52.549588	0.157177
1.980576	52.707638	0.160000
2.014506	52.865688	0.162734
2.039786	52.977447	0.165440
2.051096	53.089206	0.168049
2.065044	53.200966	0.170554
2.083596	53.312725	0.172957
2.080042	53.470775	0.175185
2.074700	53.582534	0.177368
2.085585	53.694294	0.179439
2.105791	53.806053	0.181394
2.112653	53.917812	0.183229
2.118532	54.029572	0.184942
2.108719	54.141331	0.186530
2.131988	54.253090	0.187993
2.162453	54.411140	0.189255
2.202262	54.522899	0.190449
2.164823	54.680950	0.191443
2.126623	54.792709	0.192369
2.103266	54.950759	0.193085
2.017457	55.062518	0.193729
2.024989	55.220568	0.194163
1.968484	55.378618	0.194449
1.891661	55.490378	0.194659
1.858870	55.648428	0.194650
1.861418	55.806478	0.194489
1.862514	55.918237	0.194248
1.861910	56.076287	0.193787
1.861150	56.234337	0.193170
1.884195	56.392387	0.192396
1.922037	56.550437	0.191469
1.862000	56.662196	0.190449
1.829276	56.820269	0.189210
1.805136	56.932028	0.187877
1.767943	57.090078	0.186320
1.814167	57.248128	0.184602
1.842464	57.359887	0.182795
1.875411	57.517937	0.180763
1.870113	57.675987	0.178567
1.916359	57.787747	0.176285
1.914974	57.945797	0.173775
1.898835	58.057556	0.171176
1.908357	58.215606	0.168353
1.915979	58.327365	0.165440
1.904222	58.439125	0.162376
1.897897	58.597175	0.159083
1.891370	58.708934	0.155710
1.869599	58.820693	0.152184
1.869666	58.978743	0.148435
1.831467	59.090503	0.144610
1.814658	59.202262	0.140637
1.805248	59.360312	0.136449
1.795145	59.472071	0.132186
1.795972	59.630121	0.127712
1.803684	59.741881	0.123171
1.794899	59.899931	0.118420
1.803684	60.011690	0.113606
1.796129	60.169740	0.108586
1.794966	60.281499	0.103513
1.797313	60.439549	0.098238
1.813787	60.551309	0.092909
1.820693	60.709359	0.087393
1.791144	60.867431	0.081756
1.776772	61.025481	0.076007
1.764925	61.183531	0.070146
1.692148	61.341581	0.064178
1.659000	61.499631	0.058107
1.662397	61.611391	0.052005
1.577885	61.769441	0.045732
1.505733	61.927491	0.039371
1.446635	62.039250	0.032989
1.396477	62.197300	0.026452
1.376919	62.355350	0.019835
1.355551	62.467109	0.013211
1.352534	62.625159	0.006445
1.362078	62.783209	-0.000389
1.380473	62.894969	-0.007217
1.409374	63.053019	-0.014173
1.408257	63.211069	-0.021184
1.435928	63.322828	-0.028175
1.448401	63.480878	-0.035280
1.460135	63.592637	-0.042357
1.451329	63.750687	-0.049539
1.418717	63.862447	-0.056680
1.406200	64.020519	-0.063919
1.406759	64.132278	-0.071104
1.442813	64.244038	-0.078311
1.441248	64.355797	-0.085523
1.419857	64.467556	-0.092744
1.411587	64.579316	-0.099965
1.401305	64.737366	-0.107248
1.413465	64.849125	-0.114456
1.415611	64.960884	-0.121645
1.395919	65.072644	-0.128813
1.392163	65.230694	-0.136029
1.376249	65.342453	-0.143142
1.345828	65.454212	-0.150220
1.331098	65.565972	-0.157253
1.342498	65.677731	-0.164246
1.341112	65.789490	-0.171180
1.341112	65.901249	-0.178066
1.341112	66.013009	-0.184884
1.341112	66.124768	-0.191635
1.341112	66.236527	-0.198315
1.341112	66.348287	-0.204918
1.341045	66.460046	-0.211441
1.340799	66.571805	-0.217870
1.341738	66.683565	-0.224214
1.327343	66.795324	-0.230455
1.314535	66.907083	-0.236598
1.308478	67.018843	-0.242633
1.315050	67.130602	-0.248556
1.320503	67.288652	-0.254431
1.340531	67.400411	-0.260117
1.343660	67.512171	-0.265678
1.337379	67.623930	-0.271109
1.337044	67.781980	-0.276474
1.336060	67.893739	-0.281632
1.337915	68.051789	-0.286714
1.326583	68.163549	-0.291582
1.333669	68.275308	-0.296297
1.330741	68.433358	-0.300928
1.341738	68.591408	-0.305402
1.325018	68.703167	-0.309639
1.281723	68.861217	-0.313781
1.272223	69.019267	-0.317754
1.272916	69.177317	-0.321557
1.265674	69.289077	-0.325109
1.277275	69.447127	-0.328554
1.289524	69.605177	-0.331816
1.289524	69.763227	-0.334889
1.277275	69.921299	-0.337775
1.265674	70.079349	-0.340473
1.272916	70.191108	-0.342902
1.272223	70.349158	-0.345211
1.281723	70.507208	-0.347313
1.325018	70.665258	-0.349224
1.341738	70.777018	-0.350857
1.330741	70.935068	-0.352355
1.333669	71.093118	-0.353648
1.326583	71.204877	-0.354664
1.336999	71.316636	-0.355469
1.326449	71.474687	-0.356136
1.354121	71.586446	-0.356516
1.352243	71.744496	-0.356758
1.311607	71.856255	-0.356717
1.298107	72.014305	-0.356530
1.293681	72.126065	-0.356055
1.318179	72.237824	-0.355371
1.327343	72.349583	-0.354467
1.341738	72.461342	-0.353353
1.340799	72.573102	-0.352020
1.341045	72.684861	-0.350472
1.341089	72.796620	-0.348709
1.341045	72.908380	-0.346732
1.342319	73.020139	-0.344540
1.330003	73.131898	-0.342137
1.330048	73.243658	-0.339524
1.329534	73.355417	-0.336701
1.333378	73.467176	-0.333663
1.335658	73.625226	-0.330491
1.332305	73.736986	-0.327047
1.332909	73.848745	-0.323396
1.319050	73.960504	-0.319539
1.280024	74.072264	-0.315486
1.243412	74.230314	-0.311307
1.215271	74.342073	-0.306860
1.191913	74.500123	-0.302288
1.181072	74.611882	-0.297456
1.171841	74.769932	-0.292508
1.175775	74.927982	-0.287376
1.163303	75.086055	-0.282061
1.165672	75.244105	-0.276572
1.163504	75.402155	-0.270904
1.111804	75.560205	-0.265065
1.065357	75.671964	-0.258994
1.031628	75.830014	-0.252825
0.980532	75.988064	-0.246494
0.924942	76.146114	-0.240011
0.913834	76.257873	-0.233305
0.900735	76.415923	-0.226523
0.869219	76.573973	-0.219592
0.853551	76.732024	-0.212528
0.846823	76.843783	-0.205263
0.841145	77.001833	-0.197930
0.823934	77.159883	-0.190476
0.816022	77.271642	-0.182835
0.815128	77.429692	-0.175149
0.812088	77.541452	-0.167284
0.806053	77.699502	-0.159383
0.827667	77.811261	-0.151312
0.836429	77.969311	-0.143214
0.843649	78.081070	-0.134964
0.854512	78.239143	-0.126696
0.871410	78.350902	-0.118281
0.871030	78.462661	-0.109798
0.868035	78.620711	-0.101316
0.859630	78.732471	-0.092704
0.863475	78.844230	-0.084033
0.853595	78.955989	-0.075318
0.834373	79.114039	-0.066630
0.814681	79.225799	-0.057830
0.811931	79.337558	-0.049003
0.802767	79.495608	-0.040217
0.793670	79.607367	-0.031343
0.799996	79.765417	-0.022524
0.793491	79.877177	-0.013628
0.779767	80.035227	-0.004800
0.758645	80.146986	0.004093
0.732448	80.258745	0.012976
0.709962	80.416795	0.021773
0.668500	80.528555	0.030618
0.667360	80.686605	0.039365
0.668052	80.798364	0.048148
0.671271	80.956414	0.056819
0.673596	81.114464	0.065449
0.662263	81.226223	0.074092
0.668276	81.384273	0.082611
0.657860	81.496033	0.091133
0.642907	81.654083	0.099517
0.644382	81.812133	0.107825
0.647109	81.923892	0.116125
0.667538	82.081942	0.124267
0.687119	82.239992	0.132320
0.673395	82.398064	0.140275
0.662442	82.556114	0.148126
0.674579	82.714164	0.155866
0.690941	82.825924	0.163566
0.705581	82.983974	0.171077
0.704106	83.142024	0.178468
0.707660	83.300074	0.185729
0.713226	83.458124	0.192856
0.717070	83.616174	0.199845
0.726458	83.774224	0.206690
0.747558	83.932274	0.213392
0.744317	84.090324	0.219937
0.734661	84.248374	0.226330
0.747826	84.406424	0.232562
0.753794	84.518183	0.238696
0.745479	84.676233	0.244593
0.741858	84.787993	0.250386
0.730459	84.946065	0.255938
0.737835	85.104115	0.261307
0.738707	85.215874	0.266559
0.734549	85.327634	0.271628
0.726190	85.485684	0.276438
0.724111	85.597443	0.281126
0.729498	85.709202	0.285614
0.739914	85.867252	0.289837
0.742238	85.979012	0.293926
0.734840	86.090771	0.297814
0.738126	86.248821	0.301425
0.760410	86.360580	0.304896
0.775073	86.472340	0.308158
0.798833	86.584099	0.311209
0.788708	86.695858	0.314041
0.794184	86.807618	0.316663
0.807506	86.919377	0.319065
0.827131	87.031136	0.321253
0.849661	87.142895	0.323217
0.877177	87.254655	0.324966
0.883659	87.366414	0.326492
0.892465	87.478173	0.327794
0.893382	87.589933	0.328876
0.896489	87.701692	0.329740
0.892666	87.859742	0.330308
0.867163	87.971501	0.330724
0.858937	88.083261	0.330921
0.850757	88.241311	0.330827
0.863967	88.353070	0.330581
0.855473	88.464829	0.330111
0.859273	88.622879	0.329360
0.868616	88.734639	0.328456
0.855652	88.892689	0.327266
0.841548	89.004448	0.325933
0.843850	89.162498	0.324317
0.826952	89.320548	0.322488
0.832719	89.432307	0.320519
0.843760	89.590357	0.318269
0.876171	89.748407	0.315817
0.921009	89.860167	0.313231
0.968596	90.018217	0.310372
1.011265	90.176267	0.307321
1.033707	90.288026	0.304140
1.095062	90.446098	0.300695
1.172243	90.604149	0.297062
1.191198	90.762199	0.293246
1.236125	90.873958	0.289314
1.351796	91.032008	0.285135
1.434766	91.190058	0.280777
1.470171	91.348108	0.276250
1.489640	91.459867	0.271624
1.485482	91.617917	0.266765
1.485214	91.775967	0.261746
1.487405	91.934017	0.256569
1.487874	92.092067	0.251241
1.495764	92.203827	0.245836
1.501822	92.361877	0.240222
1.518653	92.519927	0.234468
1.545207	92.631686	0.228652
1.573102	92.789736	0.222639
1.632133	92.901495	0.216573
1.637810	93.013255	0.210385
1.650059	93.171305	0.204019
1.656206	93.283064	0.197612
1.658352	93.441114	0.191036
1.658844	93.552873	0.184428
1.676278	93.710946	0.177663
1.698272	93.822705	0.170881
1.711348	93.980755	0.163951
1.730302	94.092514	0.157012
1.767652	94.204274	0.150005
1.768189	94.362324	0.142865
1.781578	94.474083	0.135734
1.789848	94.585842	0.128553
1.828137	94.743892	0.121261
1.834797	94.855652	0.113990
1.834104	94.967411	0.106689
1.874561	95.079170	0.099356
1.883390	95.237220	0.091934
1.887972	95.348980	0.084566
1.889649	95.460739	0.077184
1.903395	95.572498	0.069797
1.927491	95.730548	0.062339
1.937191	95.842308	0.054962
1.991596	95.954067	0.047593
2.012651	96.065826	0.040243
2.015132	96.177586	0.032918
2.030242	96.289345	0.025622
2.023380	96.401104	0.018362
2.054159	96.559154	0.011074
2.108205	96.670914	0.003902
2.098885	96.782673	-0.003218
2.107155	96.940723	-0.010349
2.098505	97.052482	-0.017347
2.128479	97.164241	-0.024276
2.190527	97.322292	-0.031199
2.241691	97.480342	-0.038043
2.214220	97.592101	-0.044733
2.192047	97.703860	-0.051334
2.183710	97.815619	-0.057839
2.195154	97.927379	-0.064241
2.189834	98.085429	-0.070612
2.194662	98.197188	-0.076799
2.191824	98.308947	-0.082875
2.197367	98.420707	-0.088829
2.210957	98.532466	-0.094663
2.184515	98.690516	-0.100435
2.195646	98.802275	-0.106009
2.169584	98.914035	-0.111440
2.169606	99.072085	-0.116805
2.173808	99.183844	-0.121954
2.168019	99.295603	-0.126956
2.163169	99.407363	-0.131806
2.168421	99.565413	-0.136566
2.168086	99.677172	-0.141098
2.167997	99.788931	-0.145469
2.161157	99.900691	-0.149674
2.163213	100.058741	-0.153781
2.168019	100.170500	-0.157647
2.164465	100.282259	-0.161338
2.140683	100.394019	-0.164854
2.146785	100.552091	-0.168254
2.150003	100.663850	-0.171409
2.146852	100.775610	-0.174379
2.126735	100.887369	-0.177162
2.121415	100.999128	-0.179757
2.113838	101.157178	-0.182235
2.083752	101.268938	-0.184450
2.086055	101.380697	-0.186477
2.110061	101.492456	-0.188306
2.125126	101.604216	-0.189944
2.123069	101.715975	-0.191384
2.123069	101.827734	-0.192628
2.125126	101.939494	-0.193675
2.110061	102.051253	-0.194530
2.084289	102.163012	-0.195183
2.062898	102.274771	-0.195639
2.060104	102.386531	-0.195899
2.041373	102.544581	-0.196033
2.026107	102.656340	-0.195899
2.009947	102.768099	-0.195572
1.975346	102.879859	-0.195049
1.872438	103.037909	-0.194395
1.781220	103.149668	-0.193487
1.736449	103.307718	-0.192449
1.707839	103.465768	-0.191228
1.672612	103.623818	-0.189810
1.657033	103.781868	-0.188208
1.623349	103.939918	-0.186423
1.569213	104.097968	-0.184450
1.526297	104.256018	-0.182298
1.500816	104.414068	-0.179967
1.492009	104.525828	-0.177390
1.468741	104.683878	-0.174710
1.444154	104.841928	-0.171856
1.393639	105.000000	-0.168832
1.314871	105.158050	-0.165646
1.278102	105.269809	-0.162228
1.244127	105.427859	-0.158716
1.162967	105.585909	-0.155052
1.108742	105.743959	-0.151236
1.095308	105.855719	-0.147200
1.061646	106.013769	-0.143089
1.030667	106.171819	-0.138834
1.003085	106.283578	-0.134378
0.983638	106.441628	-0.129855
0.975681	106.599678	-0.125202
0.964081	106.711437	-0.120357
0.973446	106.869487	-0.115462
0.964371	107.027537	-0.110452
0.963365	107.139297	-0.105262
0.971680	107.297347	-0.100032
0.961421	107.409106	-0.094632
0.943897	107.567156	-0.089210
0.928474	107.678915	-0.083622
0.904870	107.790675	-0.077944
0.900512	107.948725	-0.072258
0.869778	108.060484	-0.066428
0.852880	108.218534	-0.060595
0.837569	108.330293	-0.054622
0.814815	108.442053	-0.048591
0.792061	108.600125	-0.042575
0.771206	108.711884	-0.036439
0.758510	108.869935	-0.030327
0.761506	108.981694	-0.024107
0.748318	109.139744	-0.017922
0.754353	109.251503	-0.011640
0.745502	109.409553	-0.005404
0.725273	109.521313	0.000918
0.708755	109.679363	0.007182
0.707280	109.791122	0.013521
0.714544	109.949172	0.019793
0.723105	110.060931	0.026128
0.715394	110.172690	0.032452
0.703033	110.330741	0.038691
0.695277	110.442500	0.044976
0.695366	110.600550	0.051168
0.695456	110.712309	0.057391
0.703257	110.870359	0.063511
0.690673	110.982119	0.069659
0.691142	111.140169	0.075685
0.669125	111.298219	0.081658
0.661682	111.409978	0.087639
0.656005	111.568028	0.093487
0.653613	111.726078	0.099262
0.660833	111.837837	0.105034
0.668052	111.995887	0.110657
0.683073	112.153937	0.116192
0.703592	112.265697	0.121708
0.721138	112.423769	0.127063
0.776750	112.581819	0.132316
0.802521	112.693578	0.137532
0.828069	112.851628	0.142570
0.892353	112.963388	0.147563
0.918974	113.121438	0.152372
0.942243	113.279488	0.157056
0.967813	113.391247	0.161687
0.986589	113.549297	0.166116
1.014506	113.707347	0.170406
1.030309	113.865397	0.174563
1.032723	114.023447	0.178576
1.030689	114.181497	0.182446
1.014953	114.339547	0.186163
1.001855	114.451306	0.189801
0.982990	114.563066	0.193277
0.924205	114.721116	0.196529
0.893091	114.879166	0.199621
0.882384	114.990925	0.202614
0.881759	115.148975	0.205370
0.869487	115.307025	0.207956
0.828069	115.418785	0.210439
0.816245	115.576857	0.212680
0.793536	115.688616	0.214810
0.775476	115.846666	0.216693
0.764277	116.004716	0.218393
0.752967	116.116476	0.219982
0.740361	116.274526	0.221319
0.727017	116.386285	0.222536
0.694875	116.544335	0.223498
0.687275	116.656094	0.224344
0.665996	116.814144	0.224930
0.665124	116.925904	0.225395
0.652518	117.083954	0.225601
0.662576	117.195713	0.225686
0.667471	117.353763	0.225507
0.669125	117.465522	0.225207
0.670869	117.623572	0.224652
0.672992	117.735332	0.223968
0.678558	117.847091	0.223100
0.693847	118.005141	0.221968
0.691388	118.116900	0.220715
0.720311	118.274950	0.219208
0.718277	118.386710	0.217579
0.726480	118.498469	0.215763
0.738997	118.656519	0.213696
0.746820	118.768278	0.211513
0.748564	118.880038	0.209146
0.776794	119.038088	0.206529
0.791658	119.149847	0.203800
0.794206	119.261606	0.200896
0.811820	119.373366	0.197818
0.849594	119.531416	0.194498
0.871387	119.643175	0.191080
0.883033	119.754934	0.187492
0.906077	119.866693	0.183739
0.930441	119.978453	0.179824
0.938845	120.136525	0.175681
0.959990	120.248284	0.171453
0.990635	120.360044	0.167073
1.028499	120.471803	0.162546
1.058875	120.583562	0.157871
1.063211	120.695322	0.153052
1.064597	120.807081	0.148100
1.069358	120.918840	0.143013
1.083462	121.076890	0.137725
1.085921	121.188650	0.132378
1.097834	121.300409	0.126916
1.100494	121.412168	0.121332
1.110575	121.570218	0.115565
1.115000	121.681978	0.109763
1.114643	121.840028	0.103786
1.131205	121.951787	0.097777
1.142828	122.063546	0.091675
1.150696	122.221596	0.085416
1.154585	122.333356	0.079139
1.154831	122.491406	0.072714
1.145667	122.603165	0.066285
1.156955	122.761215	0.059713
1.159458	122.872974	0.053150
1.166924	123.031024	0.046461
1.151814	123.142784	0.039784
1.145421	123.300834	0.032991
1.132703	123.458884	0.026155
1.130267	123.616934	0.019282
1.099309	123.728693	0.012446
1.084334	123.886743	0.005515
1.089631	124.044793	-0.001437
1.093274	124.202843	-0.008405
1.085876	124.314602	-0.015312
1.115045	124.472652	-0.022293
1.141510	124.630725	-0.029272
1.155457	124.788775	-0.036244
1.164957	124.900534	-0.043135
1.186616	125.058584	-0.050076
1.225329	125.216634	-0.056993
1.254789	125.374684	-0.063878
1.296967	125.532734	-0.070732
1.362793	125.644494	-0.077475
1.405440	125.802544	-0.084239
1.422093	125.960594	-0.090950
1.415365	126.118644	-0.097607
1.415409	126.276694	-0.104202
1.422562	126.434744	-0.110725
1.441472	126.592794	-0.117176
1.457990	126.750844	-0.123551
1.468920	126.862603	-0.129770
1.488925	127.020653	-0.135971
1.498692	127.178703	-0.142078
1.496033	127.336776	-0.148086
1.496234	127.448535	-0.153920
1.517356	127.606585	-0.159714
1.523928	127.764635	-0.165396
1.520485	127.876394	-0.170890
1.516037	128.034444	-0.176325
1.524598	128.192494	-0.181640
1.521648	128.350544	-0.186817
1.528666	128.462304	-0.191792
1.579114	128.620354	-0.196695
1.593062	128.778404	-0.201451
1.600215	128.890163	-0.205992
1.664387	129.048213	-0.210448
1.735399	129.206263	-0.214747
1.776504	129.364313	-0.218890
1.967456	129.476072	-0.222796
2.025436	129.634122	-0.226608
2.030086	129.792172	-0.230245
2.038177	129.903932	-0.233640
2.084267	130.061982	-0.236929
2.115581	130.220032	-0.240038
2.139900	130.378104	-0.242964
2.148841	130.489863	-0.245635
2.127920	130.647913	-0.248190
2.162655	130.805963	-0.250552
2.161626	130.917723	-0.252655
2.129574	131.029482	-0.254565
2.124679	131.187532	-0.256346
2.194819	131.299291	-0.257862
2.324996	131.411051	-0.259178
2.174702	131.569101	-0.260359
2.039809	131.727151	-0.261338
1.943696	131.885201	-0.262117
1.863788	132.043251	-0.262690
1.754845	132.201301	-0.263061
1.635106	132.359351	-0.263222
1.497776	132.471110	-0.263106
1.391314	132.629160	-0.262855
1.337647	132.740920	-0.262327
1.259840	132.898970	-0.261661
1.181654	133.010729	-0.260717
1.138202	133.168779	-0.259638
1.040166	133.280538	-0.258283
0.976240	133.392298	-0.256721
0.925233	133.550348	-0.255021
0.836138	133.662107	-0.253053
0.683475	133.773866	-0.250874
0.608082	133.931939	-0.248570
0.505398	134.043698	-0.245988
0.455240	134.155457	-0.243215
0.429692	134.313507	-0.240307
0.449988	134.425267	-0.237135
0.463287	134.583317	-0.233842
0.413644	134.695076	-0.230281
0.429424	134.853126	-0.226603
0.444109	134.964885	-0.222670
0.457476	135.076645	-0.218554
0.471580	135.188404	-0.214251
0.488992	135.346454	-0.209839
0.503140	135.458213	-0.205182
0.522631	135.616263	-0.200422
0.540312	135.728023	-0.195420
0.568318	135.839782	-0.190253
0.591676	135.951541	-0.184924
0.624444	136.109591	-0.179502
0.639509	136.221350	-0.173856
0.663269	136.333110	-0.168058
0.680793	136.444869	-0.162107
0.673328	136.556628	-0.156018
0.660475	136.668388	-0.149786
0.671562	136.780147	-0.143415
0.699926	136.891906	-0.136919
0.734035	137.003666	-0.130289
0.763294	137.161716	-0.123609
0.760187	137.273475	-0.116742
0.751827	137.385234	-0.109763
0.773598	137.496994	-0.102672
0.796442	137.608753	-0.095482
0.779208	137.720512	-0.088190
0.766557	137.878562	-0.080875
0.761349	137.990322	-0.073403
0.767742	138.102081	-0.065847
0.795883	138.213840	-0.058214
0.848745	138.325600	-0.050506
0.866895	138.437359	-0.042735
0.865665	138.549118	-0.034900
0.867811	138.660878	-0.027008
0.868370	138.772637	-0.019067
0.868191	138.930687	-0.011149
0.879099	139.042446	-0.003122
0.913342	139.154206	0.004939
0.936118	139.265965	0.013028
0.962225	139.377724	0.021140
0.965399	139.489483	0.029268
0.963030	139.647533	0.037339
0.958113	139.759293	0.045486
0.966495	139.871052	0.053629
0.975681	140.029102	0.061700
0.995798	140.140861	0.069829
0.991752	140.252621	0.077940
1.002861	140.410671	0.085957
1.008628	140.522430	0.094019
1.011042	140.680480	0.101974
1.010707	140.792239	0.109960
1.035204	140.950289	0.117829
1.041954	141.062049	0.125717
1.047229	141.220121	0.133483
1.053399	141.331880	0.141250
1.063300	141.489930	0.148887
1.054919	141.647981	0.156443
1.063636	141.759740	0.163995
1.073180	141.917790	0.171395
1.091352	142.075840	0.178705
1.093431	142.187599	0.185989
1.109189	142.345649	0.193107
1.140392	142.503699	0.200122
1.153669	142.661749	0.207025
1.161716	142.773509	0.213884
1.178703	142.931559	0.220554
1.209728	143.089609	0.227104
1.233756	143.247659	0.233524
1.267194	143.405709	0.239814
1.325890	143.517468	0.246033
1.364112	143.675518	0.252042
1.389772	143.833568	0.257907
1.399987	143.991618	0.263620
1.434364	144.149690	0.269181
1.440913	144.307740	0.274586
1.432397	144.465790	0.279829
1.432106	144.623840	0.284907
1.442142	144.735600	0.289886
1.455643	144.893650	0.294624
1.468696	145.005409	0.299255
1.484588	145.163459	0.303639
1.512729	145.321509	0.307840
1.518899	145.479559	0.311858
1.553544	145.637609	0.315687
1.603813	145.749369	0.319401
1.634569	145.907419	0.322850
1.662420	146.019178	0.326170
1.668947	146.177228	0.329230
1.685554	146.335278	0.332084
1.701558	146.447037	0.334813
1.753235	146.605087	0.337265
1.849885	146.716847	0.339582
1.857105	146.874897	0.341627
1.914102	146.986656	0.343533
1.978609	147.098415	0.345228
1.982767	147.256465	0.346642
2.009231	147.368225	0.347917
2.027783	147.479984	0.348982
2.086546	147.638056	0.349765
2.142359	147.749816	0.350405
2.181855	147.861575	0.350830
2.245736	147.973334	0.351040
2.237556	148.085094	0.351040
2.235186	148.196853	0.350825
2.235253	148.308612	0.350396
2.235499	148.420371	0.349752
2.236527	148.532131	0.348902
2.239813	148.643890	0.347837
2.265562	148.755649	0.346562
2.283690	148.867409	0.345076
2.263618	148.979168	0.343381
2.268915	149.090927	0.341479
2.250944	149.202687	0.339372
2.253247	149.360737	0.336988
2.245513	149.472496	0.334473
2.245401	149.584255	0.331758
2.237332	149.696015	0.328841
2.246295	149.854065	0.325660
2.266568	149.965824	0.322349
2.292876	150.123874	0.318783
2.260042	150.235633	0.315092
2.298666	150.393683	0.311142
2.287579	150.551733	0.307012
2.304432	150.709783	0.302700
2.333244	150.867833	0.298203
2.355775	150.979593	0.293604
2.354568	151.137643	0.288763
2.277364	151.295693	0.283753
2.106037	151.407452	0.278643
2.069090	151.565502	0.273302
2.071034	151.677261	0.267875
1.949038	151.835311	0.262220
1.767585	151.947071	0.256484
1.647824	152.105121	0.250529
1.566597	152.216880	0.244503
1.509332	152.374930	0.238266
1.475111	152.533003	0.231896
1.454413	152.644762	0.225462
1.442612	152.802812	0.218832
1.428753	152.914571	0.212148
1.425825	153.072621	0.205280
1.435124	153.184381	0.198368
1.424127	153.342431	0.191277
1.414068	153.454190	0.184150
1.404122	153.565949	0.176929
1.403943	153.677708	0.169610
1.393661	153.835759	0.162130
1.392342	153.947518	0.154640
1.350388	154.059277	0.147066
1.302331	154.171036	0.139420
1.295022	154.282796	0.131703
1.263931	154.394555	0.123923
1.212030	154.506314	0.116080
1.193008	154.618074	0.108188
1.165381	154.729833	0.100242
1.157290	154.887883	0.092189
1.162051	154.999642	0.084163
1.163236	155.111402	0.076101
1.176714	155.269452	0.067945
1.150830	155.381211	0.059834
1.112653	155.492970	0.051705
1.113659	155.604730	0.043563
1.066541	155.716489	0.035414
1.033729	155.874539	0.027193
1.025772	155.986298	0.019044
1.006169	156.098058	0.010904
0.996558	156.256108	0.002708
0.951251	156.367867	-0.005401
0.924808	156.479626	-0.013487
0.906904	156.637676	-0.021613
0.886855	156.749436	-0.029636
0.871410	156.907486	-0.037690
0.869130	157.019245	-0.045634
0.846398	157.177295	-0.053593
0.839089	157.289054	-0.061436
0.813988	157.447104	-0.069287
0.803840	157.558864	-0.077005
0.780035	157.716914	-0.084727
0.750061	157.828673	-0.092306
0.707146	157.986723	-0.099880
0.681844	158.098482	-0.107302
0.685308	158.256555	-0.114706
0.708308	158.414605	-0.122021
0.742283	158.572655	-0.129246
0.766870	158.730705	-0.136369
0.760299	158.842464	-0.143321
0.763137	159.000514	-0.150234
0.762958	159.112273	-0.156971
0.748854	159.224033	-0.163588
0.765283	159.382083	-0.170160
0.789513	159.493842	-0.176540
0.840229	159.605601	-0.182799
0.845012	159.763651	-0.188991
0.860033	159.875411	-0.194986
0.884419	159.987170	-0.200842
0.886184	160.098929	-0.206564
0.890096	160.210689	-0.212143
0.916493	160.322448	-0.217575
0.942131	160.434207	-0.222858
0.972887	160.545967	-0.227994
1.007130	160.657726	-0.232974
1.041664	160.769485	-0.237801
1.055544	160.881245	-0.242467
1.080288	160.993004	-0.246977
1.076153	161.104763	-0.251321
1.095934	161.216522	-0.255500
1.088759	161.374573	-0.259585
1.088268	161.486332	-0.263428
1.078544	161.644382	-0.267172
1.092559	161.756141	-0.270675
1.106015	161.867900	-0.274008
1.099667	162.025951	-0.277230
1.107580	162.137710	-0.280209
1.106708	162.295760	-0.283082
1.089430	162.453810	-0.285775
1.092067	162.565569	-0.288222
1.093118	162.723619	-0.290557
1.106529	162.881669	-0.292709
1.135497	162.993429	-0.294615
1.164689	163.151479	-0.296409
1.231252	163.309551	-0.298020
1.321889	163.421310	-0.299380
1.512461	163.579360	-0.300628
1.503051	163.737410	-0.301697
1.504414	163.849170	-0.302512
1.515501	164.007220	-0.303219
1.513892	164.165270	-0.303742
1.521156	164.277029	-0.304019
1.521625	164.435079	-0.304185
1.534455	164.593129	-0.304172
1.523324	164.704888	-0.303912
1.499654	164.816648	-0.303478
1.494133	164.974698	-0.302937
1.492501	165.086457	-0.302154
1.492814	165.198216	-0.301196
1.534366	165.309976	-0.300064
1.568229	165.421735	-0.298767
1.571872	165.533494	-0.297300
1.588457	165.645254	-0.295671
1.609111	165.757013	-0.293873
1.618565	165.868772	-0.291913
1.649903	165.980532	-0.289792
1.685532	166.092291	-0.287515
1.692260	166.204050	-0.285086
1.727553	166.315809	-0.282495
1.713337	166.473859	-0.279829
1.720602	166.631910	-0.277010
1.714634	166.789960	-0.274049
1.693511	166.948010	-0.270944
1.723686	167.059769	-0.267629
1.694249	167.217819	-0.264242
1.637408	167.329578	-0.260654
1.648137	167.487628	-0.257003
1.657458	167.645678	-0.253223
1.672880	167.757438	-0.249250
1.702027	167.869197	-0.245152
1.730839	168.027269	-0.241009
1.757058	168.185319	-0.236745
1.811283	168.297079	-0.232303
1.893627	168.455129	-0.227815
1.935515	168.566888	-0.223158
1.911554	168.678647	-0.218398
1.900177	168.836697	-0.213606
1.898813	168.994747	-0.208725
1.912068	169.152797	-0.203746
1.904803	169.310847	-0.198686
1.906167	169.422607	-0.193469
1.901585	169.580657	-0.188239
1.872818	169.692416	-0.182866
1.782628	169.850466	-0.177493
1.731576	169.962225	-0.171977
1.663515	170.120275	-0.166469
1.608194	170.232035	-0.160828
1.538456	170.390085	-0.155200
1.479850	170.501844	-0.149451
1.405575	170.659894	-0.143724
1.344330	170.771653	-0.137877
1.271441	170.929703	-0.132061
1.198619	171.041463	-0.126137
1.176468	171.199513	-0.120249
1.143499	171.311272	-0.114263
1.101500	171.469344	-0.108322
1.050895	171.581104	-0.102287
0.984778	171.692863	-0.096234
0.955162	171.850913	-0.090239
0.939203	171.962672	-0.084163
0.911040	172.120722	-0.078146
0.899797	172.232482	-0.072061
0.879658	172.344241	-0.065977
0.872214	172.456000	-0.059897
0.853595	172.614050	-0.053897
0.812893	172.725810	-0.047839
0.746686	172.837569	-0.041796
0.717249	172.949328	-0.035774
0.717674	173.061088	-0.029774
0.708733	173.172847	-0.023802
0.685018	173.284606	-0.017859
0.663135	173.442656	-0.012020
0.652585	173.554416	-0.006148
0.651199	173.666175	-0.000317
0.655178	173.777934	0.005470
0.660073	173.889694	0.011210
0.679899	174.001453	0.016899
0.730079	174.113212	0.022535
0.745971	174.224972	0.028115
0.759002	174.383022	0.033566
0.768122	174.494781	0.039024
0.774917	174.652831	0.044347
0.779521	174.764590	0.049669
0.796419	174.876349	0.054922
0.887280	174.988109	0.060102
0.902591	175.099868	0.065207
0.907933	175.211627	0.070227
0.925747	175.323387	0.075170
0.924451	175.481437	0.079962
0.933436	175.593196	0.084731
0.956012	175.704955	0.089415
0.972887	175.863005	0.093938
1.005946	175.974765	0.098439
1.027470	176.086524	0.102842
1.059165	176.244574	0.107083
1.085026	176.356333	0.111293
1.082478	176.468093	0.115400
1.098326	176.626143	0.119337
1.102461	176.737902	0.123238
1.094392	176.895952	0.126965
1.103713	177.007711	0.130656
1.116654	177.165761	0.134168
1.134245	177.277521	0.137640
1.148707	177.389280	0.140999
1.145555	177.547330	0.144180
1.128099	177.659089	0.147312
1.087463	177.817139	0.150265
1.066966	177.975212	0.153101
1.050113	178.133262	0.155821
1.026979	178.245021	0.158492
0.982834	178.403071	0.160980
0.876193	178.561121	0.163347
0.789490	178.719171	0.165597
0.750911	178.830931	0.167794
0.705268	178.988981	0.169807
0.633497	179.147031	0.171695
0.596348	179.258790	0.173538
0.580098	179.416840	0.175189
0.556427	179.574890	0.176719
0.549588	179.732940	0.178128
0.551890	179.844699	0.179488
0.552918	180.002749	0.180661
0.556137	180.160799	0.181712
0.545765	180.272559	0.182714
0.550526	180.430609	0.183533
0.534008	180.542368	0.184298
0.522229	180.654127	0.184947
0.533025	180.812177	0.185407
0.535841	180.923937	0.185819
0.540513	181.081987	0.186052
0.549565	181.193746	0.186235
0.549498	181.305505	0.186307
0.556338	181.417265	0.186262
0.553969	181.575337	0.186043
0.566083	181.687096	0.185774
0.573258	181.798856	0.185403
0.576589	181.910615	0.184920
0.551867	182.022374	0.184329
0.560093	182.134134	0.183636
0.598046	182.245893	0.182835
0.649165	182.357652	0.181931
0.652451	182.515702	0.180857
0.664789	182.627461	0.179752
0.667605	182.739221	0.178549
0.666980	182.897271	0.177180
0.651959	183.009030	0.175784
0.668500	183.120789	0.174294
0.676099	183.232549	0.172715
0.686739	183.344308	0.171046
0.684436	183.456067	0.169283
0.684615	183.614117	0.167373
0.695992	183.725877	0.165440
0.726860	183.837636	0.163432
0.744921	183.949395	0.161338
0.764210	184.061155	0.159168
0.769217	184.172914	0.156918
0.765954	184.330964	0.154529
0.754040	184.442723	0.152135
0.739064	184.554483	0.149670
0.744205	184.712533	0.147066
0.779477	184.824292	0.144467
0.781198	184.936051	0.141805
0.796017	185.047811	0.139080
0.820492	185.159570	0.136297
0.830506	185.317620	0.133385
0.830863	185.429379	0.130486
0.831623	185.541139	0.127537
0.849304	185.652898	0.124540
0.855696	185.810948	0.121422
0.849773	185.922707	0.118326
0.841078	186.034467	0.115185
0.851092	186.192517	0.111937
0.888196	186.304276	0.108716
0.894410	186.416035	0.105459
0.920740	186.527795	0.102166
0.923601	186.639554	0.098842
0.918751	186.797604	0.095415
0.912492	186.909363	0.092033
0.920427	187.067413	0.088552
0.968640	187.179173	0.085120
1.004962	187.290932	0.081662
1.025168	187.402691	0.078190
1.025839	187.514450	0.074696
1.020228	187.672501	0.071122
1.024140	187.784260	0.067601
1.018686	187.942310	0.063999
1.022575	188.054069	0.060460
1.049420	188.165828	0.056912
1.050292	188.323878	0.053293
1.061624	188.435638	0.049741
1.072711	188.547397	0.046184
1.084132	188.705470	0.042563
1.078075	188.817229	0.039014
1.055746	188.928988	0.035470
1.050158	189.087038	0.031864
1.028946	189.245088	0.028268
1.010148	189.356847	0.024752
0.995977	189.514898	0.021180
0.982878	189.626657	0.017692
0.960392	189.784707	0.014151
0.943159	189.942757	0.010629
0.918371	190.100807	0.007126
0.901272	190.212566	0.003715
0.891035	190.370616	0.000258
0.873868	190.528666	-0.003175
0.847940	190.686716	-0.006580
0.828584	190.844766	-0.009958
0.800577	190.956526	-0.013236
0.757102	191.114576	-0.016553
0.733052	191.272626	-0.019838
0.716198	191.430676	-0.023088
0.698920	191.588726	-0.026303
0.682268	191.746798	-0.029482
0.672143	191.858557	-0.032553
0.669774	192.016607	-0.035654
0.672925	192.128367	-0.038646
0.670936	192.286417	-0.041665
0.614319	192.444467	-0.044641
0.576030	192.602517	-0.047575
0.566888	192.760567	-0.050461
0.559132	192.918617	-0.053302
0.555220	193.076667	-0.056098
0.553745	193.234717	-0.058845
0.553343	193.392767	-0.061543
0.553343	193.550817	-0.064192
0.553745	193.708867	-0.066791
0.555198	193.866917	-0.069337
0.558975	194.024967	-0.071833
0.566933	194.183017	-0.074276
0.580008	194.341089	-0.076665
0.596683	194.499139	-0.079000
0.609535	194.657189	-0.081282
0.608619	194.815240	-0.083505
0.605758	194.973290	-0.085675
0.604461	195.131340	-0.087787
0.607099	195.289390	-0.089845
0.605043	195.401149	-0.091773
0.616219	195.559199	-0.093719
0.626567	195.717249	-0.095603
0.624332	195.875299	-0.097428
0.623259	195.987058	-0.099128
0.639844	196.145108	-0.100833
0.628177	196.303158	-0.102484
0.641007	196.414918	-0.104009
0.633161	196.572968	-0.105539
0.620599	196.731018	-0.107011
0.615861	196.889068	-0.108425
0.593822	197.000827	-0.109709
0.585865	197.158899	-0.111002
0.603634	197.270659	-0.112170
0.610295	197.428709	-0.113346
0.610273	197.540468	-0.114393
0.622321	197.652227	-0.115377
0.632781	197.810277	-0.116375
0.663068	197.922037	-0.117247
0.662710	198.033796	-0.118057
0.666801	198.145555	-0.118809
0.677373	198.257315	-0.119502
0.674333	198.415365	-0.120209
0.670042	198.527124	-0.120786
0.662263	198.638883	-0.121305
0.659268	198.750643	-0.121766
0.671025	198.862402	-0.122173
0.670556	198.974161	-0.122522
0.670243	199.085921	-0.122813
0.670221	199.197680	-0.123050
0.656430	199.309439	-0.123234
0.650752	199.421199	-0.123359
0.648964	199.532958	-0.123435
0.649679	199.644717	-0.123453
0.640873	199.802767	-0.123484
0.646684	199.914526	-0.123399
0.648428	200.026286	-0.123256
0.665951	200.138045	-0.123064
0.682916	200.296095	-0.122889
0.706721	200.407854	-0.122594
0.735756	200.565904	-0.122316
0.735130	200.677664	-0.121923
0.749212	200.789423	-0.121480
0.746999	200.947473	-0.121055
0.762042	201.105523	-0.120585
0.759248	201.217282	-0.119994
0.782338	201.375332	-0.119431
0.819978	201.487092	-0.118751
0.855920	201.645142	-0.118098
0.877959	201.756901	-0.117328
0.895662	201.914951	-0.116581
0.898210	202.026710	-0.115726
0.903909	202.184760	-0.114894
0.902434	202.342811	-0.114022
0.899193	202.500883	-0.113109
0.877869	202.658933	-0.112156
0.849773	202.816983	-0.111163
0.836273	202.928742	-0.110062
0.819665	203.086792	-0.108993
0.793826	203.244842	-0.107884
0.769038	203.402892	-0.106738
0.774649	203.514652	-0.105490
0.766088	203.672702	-0.104273
0.763048	203.830752	-0.103025
0.750486	203.988802	-0.101741
0.736159	204.100561	-0.100354
0.722725	204.258611	-0.099007
0.697356	204.370370	-0.097558
0.660229	204.528420	-0.096144
0.659715	204.686470	-0.094704
0.651557	204.798230	-0.093164
0.658978	204.956280	-0.091666
0.644784	205.114330	-0.090136
0.627797	205.226089	-0.088516
0.605713	205.384139	-0.086932
0.594425	205.495898	-0.085259
0.587318	205.653971	-0.083626
0.571157	205.812021	-0.081975
0.566374	205.923780	-0.080226
0.560339	206.081830	-0.078526
0.565256	206.239880	-0.076803
0.564474	206.351640	-0.074992
0.551286	206.509690	-0.073229
0.530320	206.667740	-0.071444
0.516105	206.825790	-0.069645
0.504794	206.983840	-0.067824
0.515792	207.141890	-0.065986
0.531728	207.253649	-0.064066
0.546861	207.411699	-0.062196
0.557724	207.569749	-0.060308
0.562373	207.727799	-0.058411
0.558752	207.885849	-0.056496
0.567134	208.043899	-0.054573
0.580947	208.201949	-0.052635
0.599969	208.360021	-0.050685
0.621605	208.518071	-0.048725
0.644181	208.676122	-0.046757
0.668947	208.834172	-0.044775
0.697445	208.992222	-0.042788
0.711102	209.150272	-0.040792
0.711370	209.308322	-0.038789
0.704061	209.466372	-0.036779
0.710141	209.624422	-0.034763
0.724714	209.782472	-0.032743
0.739400	209.940522	-0.030717
0.774894	210.052281	-0.028620
0.810255	210.210331	-0.026588
0.805315	210.368381	-0.024554
0.813809	210.480140	-0.022449
0.824158	210.638190	-0.020412
0.830863	210.796240	-0.018375
0.836116	210.954313	-0.016338
0.838374	211.066072	-0.014233
0.820179	211.224122	-0.012199
0.790451	211.335881	-0.010099
0.771676	211.447641	-0.008002
0.752587	211.605691	-0.005977
0.730325	211.763741	-0.003957
0.707280	211.875500	-0.001873
0.698920	211.987259	0.000205
0.665750	212.145309	0.002208
0.624556	212.257069	0.004272
0.601578	212.415119	0.006260
0.581215	212.526878	0.008308
0.566776	212.684928	0.010279
0.558864	212.796687	0.012308
0.540513	212.954737	0.014258
0.533338	213.112788	0.016198
0.534947	213.224547	0.018194
0.537831	213.382597	0.020109
0.526163	213.540647	0.022011
0.511433	213.698697	0.023900
0.495921	213.810456	0.025843
0.482063	213.968506	0.027702
0.482063	214.126556	0.029547
0.495921	214.284629	0.031374
0.511433	214.396388	0.033254
0.526163	214.554438	0.035048
0.533986	214.712488	0.036823
0.529314	214.870538	0.038580
0.537115	214.982297	0.040387
0.527884	215.140347	0.042105
0.526498	215.298397	0.043802
0.526632	215.456447	0.045477
0.512327	215.614497	0.047133
0.526275	215.726257	0.048837
0.543396	215.884307	0.050443
0.549409	216.042357	0.052031
0.557143	216.154116	0.053664
0.550079	216.312166	0.055199
0.566888	216.470216	0.056711
0.576656	216.581975	0.058268
0.599052	216.740025	0.059731
0.629026	216.851785	0.061234
0.637252	217.009835	0.062639
0.646326	217.121594	0.064089
0.658888	217.279644	0.065440
0.657100	217.437717	0.066760
0.657324	217.549476	0.068120
0.642571	217.707526	0.069386
0.630434	217.865576	0.070616
0.612150	218.023626	0.071815
0.590402	218.181676	0.072987
0.573884	218.339726	0.074124
0.555332	218.497776	0.075229
0.534232	218.655826	0.076302
0.526968	218.767585	0.077412
0.517155	218.925635	0.078419
0.522363	219.083685	0.079389
0.537696	219.241735	0.080329
0.550392	219.353495	0.081300
0.561702	219.511545	0.082168
0.562507	219.623304	0.083067
0.561680	219.735063	0.083930
0.577773	219.893113	0.084691
0.579941	220.004873	0.085483
0.579383	220.162923	0.086167
0.585954	220.274682	0.086883
0.577572	220.386441	0.087563
0.592190	220.498201	0.088207
0.624645	220.609960	0.088811
0.643443	220.768010	0.089304
0.652317	220.879769	0.089831
0.671763	220.991529	0.090319
0.710163	221.103288	0.090766
0.729766	221.261360	0.091106
0.737030	221.373120	0.091478
0.738617	221.484879	0.091809
0.749436	221.642929	0.092028
0.753526	221.754688	0.092279
0.742171	221.912738	0.092422
0.741568	222.024498	0.092592
0.742931	222.182548	0.092650
0.731331	222.294307	0.092739
0.744697	222.406066	0.092789
0.739847	222.564116	0.092731
0.742216	222.675876	0.092699
0.734683	222.787635	0.092628
0.747960	222.945685	0.092449
0.755269	223.057444	0.092297
0.748363	223.169204	0.092104
0.730571	223.280963	0.091872
0.719730	223.439013	0.091532
0.697713	223.550772	0.091223
0.675026	223.662532	0.090869
0.645924	223.774291	0.090480
0.651222	223.886050	0.090051
0.648964	223.997810	0.089581
0.649031	224.109569	0.089075
0.650059	224.267619	0.088462
0.648606	224.379378	0.087876
0.648629	224.491137	0.087254
0.631172	224.602897	0.086597
0.584166	224.714656	0.085903
0.532801	224.826415	0.085170
0.509645	224.938175	0.084400
0.492724	225.096225	0.083528
0.485862	225.207984	0.082687
0.495854	225.366034	0.081743
0.523749	225.477793	0.080830
0.540848	225.635843	0.079819
0.553209	225.793893	0.078772
0.550370	225.951943	0.077689
0.554617	226.063703	0.076647
0.575516	226.221753	0.075502
0.586289	226.333512	0.074396
0.582892	226.491562	0.073193
0.577863	226.649635	0.071954
0.576946	226.807685	0.070692
0.590067	226.965735	0.069395
0.623863	227.077494	0.068142
0.647176	227.235544	0.066795
0.667829	227.347303	0.065489
0.671249	227.505353	0.064084
0.673596	227.663403	0.062661
0.662330	227.775163	0.061279
0.668522	227.933213	0.059803
0.656809	228.044972	0.058375
0.654373	228.203022	0.056859
0.655245	228.361072	0.055320
0.657480	228.472831	0.053830
0.658776	228.630881	0.052251
0.655781	228.742641	0.050725
0.655223	228.900691	0.049110
0.649836	229.012450	0.047549
0.640671	229.170500	0.045902
0.628333	229.282259	0.044313
0.614989	229.394019	0.042709
0.602785	229.552069	0.041023
0.595163	229.663828	0.039395
0.604484	229.821878	0.037687
0.599723	229.933637	0.036038
0.588748	230.091710	0.034312
0.589866	230.203469	0.032648
0.566396	230.315228	0.030977
0.554147	230.473278	0.029232
0.543374	230.585038	0.027551
0.533003	230.696797	0.025866
0.534232	230.854847	0.024111
0.530387	230.966606	0.022423
0.526029	231.078366	0.020735
0.527638	231.236416	0.018979
0.520106	231.348175	0.017294
0.521961	231.459934	0.015612
0.520508	231.617984	0.013865
0.504705	231.729744	0.012192
0.497105	231.841503	0.010525
0.476318	231.953262	0.008865
0.440645	232.065022	0.007214
0.437381	232.176781	0.005572
0.458034	232.288540	0.003941
0.465656	232.446590	0.002252
0.466260	232.558350	0.000644
0.465567	232.670109	-0.000950
0.457789	232.828159	-0.002598
0.436286	232.939918	-0.004162
0.433827	233.051678	-0.005709
0.458347	233.163437	-0.007239
0.474016	233.275196	-0.008750
0.475424	233.386955	-0.010242
0.490199	233.498715	-0.011713
0.498514	233.656765	-0.013232
0.493328	233.768524	-0.014659
0.483381	233.880283	-0.016063
0.464405	234.038333	-0.017512
0.449630	234.196383	-0.018935
0.444489	234.354433	-0.020333
0.393415	234.512484	-0.021704
0.369096	234.624243	-0.022978
0.346141	234.782293	-0.024292
0.334250	234.940343	-0.025577
0.320861	235.098393	-0.026832
0.326270	235.210152	-0.027987
0.314670	235.368225	-0.029180
0.307875	235.479984	-0.030271
0.296542	235.638034	-0.031398
0.294173	235.749793	-0.032423
0.297459	235.907843	-0.033482
0.302264	236.019603	-0.034437
0.295849	236.177653	-0.035425
0.308389	236.335703	-0.036377
0.303337	236.447462	-0.037223
0.300878	236.605512	-0.038102
0.288183	236.763562	-0.038942
0.281052	236.875321	-0.039675
0.289501	237.033371	-0.040438
0.290462	237.191421	-0.041163
0.292161	237.349471	-0.041847
0.285970	237.507521	-0.042492
0.274906	237.665571	-0.043097
0.268692	237.823621	-0.043661
0.259349	237.981671	-0.044184
0.256063	238.093431	-0.044597
0.273632	238.251481	-0.045039
0.287646	238.409553	-0.045437
0.302331	238.521313	-0.045728
0.322090	238.633072	-0.045974
0.341089	238.791122	-0.046247
0.348130	238.902881	-0.046412
0.341894	239.014640	-0.046533
0.340933	239.172690	-0.046681
0.364939	239.284450	-0.046721
0.365028	239.396209	-0.046716
0.366213	239.507968	-0.046672
0.373947	239.619728	-0.046582
0.365162	239.777778	-0.046524
0.348846	239.889537	-0.046354
0.333378	240.001296	-0.046144
0.314647	240.113056	-0.045893
0.336060	240.224815	-0.045602
0.357563	240.336574	-0.045271
0.386844	240.448334	-0.044900
0.409844	240.606384	-0.044556
0.418986	240.718143	-0.044106
0.433693	240.829902	-0.043618
0.435861	240.941662	-0.043091
0.415186	241.053421	-0.042527
0.412370	241.211471	-0.041995
0.405418	241.323230	-0.041357
0.412772	241.434990	-0.040684
0.411051	241.593040	-0.040044
0.408324	241.704799	-0.039301
0.417801	241.862849	-0.038592
0.414269	241.974608	-0.037781
0.408100	242.086368	-0.036938
0.400188	242.244418	-0.036132
0.394779	242.356177	-0.035225
0.395516	242.514227	-0.034358
0.404278	242.625986	-0.033391
0.395404	242.784036	-0.032466
0.404323	242.895796	-0.031443
0.395561	243.053846	-0.030463
0.397595	243.165605	-0.029387
0.397617	243.323655	-0.028356
0.395717	243.435414	-0.027231
0.394801	243.593464	-0.026153
0.400143	243.705224	-0.024983
0.407296	243.863274	-0.023860
0.403764	243.975033	-0.022649
0.413442	244.086792	-0.021418
0.423657	244.244865	-0.020239
0.411006	244.356624	-0.018972
0.419321	244.468383	-0.017691
0.423322	244.580143	-0.016394
0.429156	244.738193	-0.015152
0.430117	244.849952	-0.013829
0.428686	244.961711	-0.012494
0.430743	245.073471	-0.011148
0.430743	245.185230	-0.009793
0.428686	245.296989	-0.008429
0.430095	245.408749	-0.007059
0.429268	245.520508	-0.005682
0.423210	245.678558	-0.004370
0.414940	245.790317	-0.002985
0.419992	245.902076	-0.001597
0.416505	246.013836	-0.000208
0.404390	246.171886	0.001113
0.402445	246.329936	0.002433
0.383893	246.441695	0.003819
0.375176	246.599745	0.005134
0.379803	246.757795	0.006444
0.378998	246.869555	0.007818
0.365118	247.027605	0.009116
0.355976	247.185655	0.010408
0.344733	247.343705	0.011689
0.325465	247.501755	0.012962
0.319542	247.659805	0.014223
0.309596	247.817855	0.015473
0.312993	247.975905	0.016709
0.317396	248.133977	0.017931
0.337535	248.292027	0.019138
0.356915	248.403786	0.020398
0.387626	248.561836	0.021572
0.404703	248.673596	0.022797
0.419567	248.831646	0.023934
0.435861	248.943405	0.025119
0.445517	249.101455	0.026214
0.442656	249.213214	0.027357
0.446970	249.324974	0.028476
0.443394	249.483024	0.029504
0.447127	249.594783	0.030575
0.438812	249.706542	0.031621
0.435683	249.818302	0.032641
0.447238	249.930061	0.033634
0.447037	250.041820	0.034599
0.446724	250.153580	0.035536
0.445741	250.265339	0.036444
0.442679	250.377098	0.037322
0.435146	250.488858	0.038169
0.423724	250.600617	0.038985
0.388878	250.712376	0.039770
0.356669	250.824136	0.040522
0.319788	250.935895	0.041242
0.302354	251.047654	0.041928
0.286685	251.205704	0.042511
0.273095	251.317464	0.043130
0.254722	251.475514	0.043645
0.245468	251.587273	0.044194
0.239701	251.745323	0.044638
0.249201	251.903373	0.045048
0.246206	252.015132	0.045491
0.257404	252.173182	0.045826
0.251101	252.331232	0.046126
0.250587	252.489282	0.046390
0.243904	252.601042	0.046685
0.236237	252.759092	0.046878
0.236974	252.870851	0.047097
0.225754	253.028901	0.047218
0.213147	253.186973	0.047294
0.203067	253.298733	0.047405
0.199312	253.456783	0.047414
0.213170	253.568542	0.047450
0.214108	253.726592	0.047383
0.213505	253.838351	0.047347
0.210845	253.996401	0.047209
0.205548	254.154451	0.047030
0.199401	254.266211	0.046886
0.194461	254.424261	0.046640
0.195579	254.536020	0.046426
0.204877	254.694070	0.046108
0.205816	254.805829	0.045826
0.202217	254.963879	0.045437
0.196652	255.075639	0.045088
0.199312	255.233689	0.044635
0.189186	255.391739	0.044149
0.172914	255.503498	0.043701
0.166343	255.661548	0.043151
0.146896	255.819598	0.042571
0.144974	255.977648	0.041961
0.151724	256.135698	0.041320
0.154988	256.293748	0.040652
0.174277	256.405507	0.040023
0.183576	256.563580	0.039298
0.193411	256.675339	0.038616
0.199312	256.787099	0.037907
0.197859	256.945149	0.037104
0.198462	257.056908	0.036346
0.204788	257.168667	0.035564
0.230269	257.280426	0.034760
0.232772	257.392186	0.033934
0.250162	257.550236	0.033018
0.267775	257.661995	0.032151
0.280516	257.773754	0.031265
0.282550	257.885514	0.030361
0.297459	258.043564	0.029371
0.307472	258.201614	0.028365
0.331143	258.359664	0.027344
0.345515	258.471423	0.026378
0.339748	258.629473	0.025329
0.328192	258.787523	0.024269
0.332864	258.899283	0.023267
0.337625	259.057333	0.022186
0.339279	259.169092	0.021165
0.340106	259.280851	0.020136
0.333646	259.438901	0.019032
0.335434	259.550660	0.017990
0.323878	259.662420	0.016945
0.311786	259.774179	0.015896
0.307852	259.885938	0.014845
0.290820	259.997698	0.013793
0.269563	260.109457	0.012740
0.252330	260.221216	0.011689
0.257002	260.332976	0.010639
0.256197	260.444735	0.009592
0.251660	260.556494	0.008550
0.246049	260.668254	0.007513
0.239903	260.826304	0.006413
0.246116	260.938063	0.005390
0.244038	261.049822	0.004375
0.249380	261.161582	0.003370
0.287512	261.273341	0.002375
0.285612	261.431391	0.001322
0.306556	261.543150	0.000351
0.327276	261.654910	-0.000606
0.353562	261.812960	-0.001618
0.377389	261.971010	-0.002614
0.405373	262.082769	-0.003526
0.422987	262.240819	-0.004488
0.434252	262.398891	-0.005433
0.420036	262.556941	-0.006358
0.401976	262.668701	-0.007195
0.399741	262.826751	-0.008080
0.397215	262.938510	-0.008874
0.395270	263.096560	-0.009715
0.391001	263.208319	-0.010463
0.414471	263.366369	-0.011256
0.416616	263.478129	-0.011956
0.424954	263.589888	-0.012631
0.422450	263.701647	-0.013279
0.431458	263.859697	-0.013970
0.430117	263.971457	-0.014564
0.428865	264.083216	-0.015130
0.432732	264.194975	-0.015668
0.447283	264.306735	-0.016177
0.433090	264.418494	-0.016656
0.439326	264.530253	-0.017106
0.420506	264.642013	-0.017525
0.398154	264.753772	-0.017913
0.372360	264.911822	-0.018339
0.346208	265.069872	-0.018733
0.326538	265.181631	-0.019026
0.296475	265.293391	-0.019287
0.288160	265.405150	-0.019516
0.266144	265.516909	-0.019712
0.245043	265.628668	-0.019876
0.249804	265.786719	-0.020076
0.271955	265.898478	-0.020173
0.298040	266.010237	-0.020238
0.313708	266.168287	-0.020338
0.345046	266.280046	-0.020336
0.367599	266.391806	-0.020301
0.399495	266.503565	-0.020233
0.410023	266.661615	-0.020201
0.440488	266.819665	-0.020136
0.443550	266.931424	-0.019969
0.439907	267.043184	-0.019770
0.435191	267.154943	-0.019538
0.440868	267.312993	-0.019344
0.441472	267.424752	-0.019049
0.440868	267.536512	-0.018723
0.426988	267.694562	-0.018434
0.430273	267.806321	-0.018046
0.422808	267.964393	-0.017697
0.417287	268.122444	-0.017318
0.406849	268.234203	-0.016842
0.398824	268.392253	-0.016405
0.395382	268.550303	-0.015940
0.398757	268.708353	-0.015447
0.385123	268.820112	-0.014859
0.383469	268.978162	-0.014314
0.399763	269.089922	-0.013674
0.404502	269.247972	-0.013077
0.394622	269.359731	-0.012388
0.388900	269.471490	-0.011675
0.365364	269.629540	-0.011009
0.352019	269.741300	-0.010251
0.333356	269.853059	-0.009473
0.324750	269.964818	-0.008674
0.333982	270.076577	-0.007857
0.320995	270.188337	-0.007020
0.318067	270.300096	-0.006166
0.320950	270.411855	-0.005296
0.326024	270.523615	-0.004409
0.333937	270.681665	-0.003577
0.343168	270.793424	-0.002663
0.334071	270.905183	-0.001735
0.325153	271.016943	-0.000796
0.333423	271.128702	0.000154
0.324013	271.240461	0.001114
0.310199	271.352221	0.002082
0.290552	271.463980	0.003058
0.268245	271.575739	0.004041
0.248642	271.687499	0.005029
0.235097	271.799258	0.006021
0.227877	271.911017	0.007017
0.225106	272.022777	0.008015
0.225106	272.134536	0.009014
0.228794	272.246295	0.010013
0.245803	272.358054	0.011011
0.250296	272.469814	0.012007
0.249715	272.581573	0.013000
0.247145	272.693332	0.013988
0.244663	272.851382	0.014902
0.245803	272.963142	0.015878
0.257940	273.074901	0.016847
0.296028	273.186660	0.017807
0.320146	273.298420	0.018758
0.324169	273.410179	0.019698
0.325711	273.521938	0.020626
0.334809	273.679988	0.021472
0.330897	273.791748	0.022374
0.321263	273.903507	0.023260
0.316100	274.015266	0.024130
0.335479	274.173316	0.024915
0.330897	274.285076	0.025751
0.321196	274.396835	0.026569
0.315519	274.508594	0.027366
0.333535	274.666644	0.028075
0.327567	274.778404	0.028830
0.313217	274.890163	0.029564
0.299135	275.001922	0.030274
0.312524	275.159972	0.030892
0.304611	275.271732	0.031554
0.291222	275.383491	0.032190
0.278974	275.495250	0.032800
0.281186	275.653300	0.033314
0.286774	275.765060	0.033870
0.284338	275.876819	0.034397
0.281008	275.988578	0.034896
0.283712	276.100338	0.035365
0.270748	276.258410	0.035735
0.270323	276.370169	0.036144
0.264400	276.481929	0.036521
0.262746	276.593688	0.036867
0.272737	276.705447	0.037181
0.271821	276.863497	0.037394
0.284629	276.975256	0.037643
0.289412	277.087016	0.037859
0.297883	277.198775	0.038042
0.316949	277.310534	0.038191
0.314871	277.468584	0.038238
0.320347	277.580344	0.038319
0.320325	277.692103	0.038366
0.319408	277.803862	0.038379
0.309506	277.961912	0.038289
0.317933	278.073672	0.038234
0.315675	278.185431	0.038144
0.312568	278.343481	0.037951
0.309998	278.455240	0.037793
0.305483	278.567000	0.037600
0.291178	278.725050	0.037305
0.295313	278.836809	0.037046
0.276940	278.948568	0.036752
0.249313	279.106618	0.036357
0.233018	279.218378	0.035997
0.223899	279.376428	0.035536
0.212231	279.488187	0.035112
0.212142	279.599946	0.034656
0.207448	279.711706	0.034169
0.226961	279.869756	0.033582
0.222401	279.981515	0.033033
0.212879	280.093274	0.032456
0.220635	280.205034	0.031849
0.237265	280.363084	0.031144
0.224435	280.474843	0.030481
0.216210	280.586602	0.029790
0.202597	280.744652	0.029004
0.210644	280.902702	0.028193
0.214220	281.014462	0.027426
0.228548	281.172512	0.026566
0.252956	281.284271	0.025751
0.245870	281.442321	0.024845
0.259796	281.600371	0.023918
0.261629	281.758443	0.022971
0.281365	281.870203	0.022073
0.285880	282.028253	0.021088
0.289971	282.186303	0.020086
0.302130	282.298062	0.019136
0.302734	282.456112	0.018101
0.313463	282.567871	0.017122
0.295380	282.679631	0.016130
0.300878	282.837681	0.015056
0.292832	282.949440	0.014040
0.295045	283.107490	0.012947
0.291513	283.265540	0.011844
0.290865	283.377299	0.010803
0.298219	283.535349	0.009687
0.284092	283.693399	0.008566
0.261606	283.805159	0.007510
0.250140	283.963209	0.006383
0.236013	284.121259	0.005255
0.221820	284.233018	0.004196
0.205056	284.344777	0.003138
0.200496	284.456537	0.002083
0.204944	284.568296	0.001032
0.221060	284.680055	-0.000014
0.233175	284.791815	-0.001054
0.239634	284.949865	-0.002155
0.240663	285.107915	-0.003248
0.238561	285.219674	-0.004261
0.221552	285.377724	-0.005332
0.200966	285.535774	-0.006390
0.189521	285.693847	-0.007433
0.180335	285.851897	-0.008462
0.179754	285.963656	-0.009406
0.187644	286.121706	-0.010401
0.194417	286.279756	-0.011377
0.198015	286.391515	-0.012264
0.204989	286.549565	-0.013199
0.210577	286.707615	-0.014112
0.219384	286.865665	-0.015001
0.233555	287.023715	-0.015866
0.249961	287.181765	-0.016705
0.260846	287.293525	-0.017449
0.272402	287.451575	-0.018233
0.285411	287.563334	-0.018920
0.290977	287.721384	-0.019647
0.291893	287.833143	-0.020273
0.274123	287.944903	-0.020868
0.275286	288.056662	-0.021431
0.254945	288.168421	-0.021960
0.252442	288.280181	-0.022455
0.239008	288.391940	-0.022915
0.233309	288.549990	-0.023408
0.226179	288.661749	-0.023795
0.217618	288.819799	-0.024215
0.207649	288.931559	-0.024527
0.213594	289.089609	-0.024870
0.195288	289.247681	-0.025175
0.166655	289.405731	-0.025439
0.143521	289.563781	-0.025663
0.135832	289.675540	-0.025778
0.130110	289.833590	-0.025921
0.126981	289.945350	-0.025954
0.124388	290.057109	-0.025944
0.114486	290.215159	-0.025962
0.114509	290.326918	-0.025869
0.104182	290.438678	-0.025734
0.101656	290.550437	-0.025556
0.116945	290.662196	-0.025336
0.127137	290.773956	-0.025073
0.119784	290.885715	-0.024768
0.133463	290.997474	-0.024420
0.134648	291.109234	-0.024030
0.126646	291.267284	-0.023666
0.115179	291.379043	-0.023192
0.103713	291.490802	-0.022676
0.099019	291.602562	-0.022119
0.096851	291.714321	-0.021521
0.096068	291.826080	-0.020882
0.100628	291.937839	-0.020203
0.106641	292.049599	-0.019485
0.113235	292.207649	-0.018797
0.120722	292.319408	-0.018001
0.126534	292.431167	-0.017167
0.126310	292.542927	-0.016297
0.113056	292.654686	-0.015391
0.111268	292.766445	-0.014449
0.098683	292.878205	-0.013473
0.101545	292.989964	-0.012463
0.125394	293.101723	-0.011421
0.138380	293.213483	-0.010347
0.146315	293.371533	-0.009312
0.152239	293.483292	-0.008179
0.157983	293.641342	-0.007087
0.172825	293.753101	-0.005899
0.172489	293.864861	-0.004685
0.212723	293.976620	-0.003447
0.215919	294.088379	-0.002186
0.234963	294.246429	-0.000972
0.244284	294.358189	0.000330
0.246362	294.516239	0.001583
0.249514	294.674289	0.002852
0.249134	294.786048	0.004206
0.257806	294.944098	0.005504
0.257337	295.055857	0.006884
0.245848	295.213907	0.008206
0.243680	295.371957	0.009536
0.223161	295.530030	0.010873
0.186347	295.688080	0.012216
0.176535	295.799839	0.013632
0.166365	295.957889	0.014980
0.158072	296.069648	0.016396
0.149914	296.181408	0.017811
0.130870	296.339458	0.019153
0.123092	296.451217	0.020558
0.107445	296.562976	0.021955
0.101299	296.674736	0.023342
0.111804	296.786495	0.024717
0.111692	296.898254	0.026078
0.111446	297.010014	0.027424
0.110619	297.121773	0.028751
0.097298	297.233532	0.030058
0.095711	297.345292	0.031343
0.098862	297.457051	0.032604
0.090570	297.568810	0.033839
0.084244	297.726860	0.034976
0.088022	297.838620	0.036151
0.104249	297.950379	0.037294
0.129954	298.108429	0.038333
0.153736	298.266479	0.039335
0.181229	298.424529	0.040298
0.178815	298.582579	0.041220
0.177966	298.740629	0.042099
0.168175	298.898679	0.042932
0.163884	299.056729	0.043719
0.159302	299.168488	0.044525
0.177586	299.326538	0.045209
0.220792	299.484588	0.045844
0.261137	299.642638	0.046417
0.293011	299.754398	0.047007
0.293458	299.912470	0.047464
0.294978	300.024229	0.047933
0.299247	300.135989	0.048336
0.290552	300.247748	0.048676
0.271374	300.359507	0.048944
0.275375	300.471267	0.049146
0.278974	300.583026	0.049280
0.267529	300.741076	0.049271
0.243747	300.852835	0.049253
0.219853	301.010885	0.049092
0.201144	301.168935	0.048855
0.199893	301.280695	0.048604
0.180201	301.392454	0.048278
0.187420	301.504213	0.047866
0.194037	301.615973	0.047370
0.183822	301.727732	0.046788
0.171551	301.885782	0.046054
0.158564	301.997541	0.045298
0.148930	302.109301	0.044451
0.127450	302.221060	0.043515
0.107267	302.332819	0.042488
0.093274	302.444579	0.041367
0.093096	302.556338	0.040153
0.100494	302.668097	0.038843
0.099510	302.826147	0.037368
0.099801	302.984197	0.035797
0.123651	303.142247	0.034127
0.127227	303.300297	0.032359
0.138537	303.458347	0.030492
0.154474	303.616397	0.028525
0.173518	303.728157	0.026526
0.187890	303.839916	0.024426
0.191287	303.951675	0.022225
0.187934	304.063435	0.019922
0.173808	304.175194	0.017517
0.156284	304.286953	0.015009
0.145220	304.445003	0.012331
0.144527	304.603053	0.009549
0.154250	304.761103	0.006664
0.151814	304.919153	0.003677
0.138492	305.077226	0.000587
