2.505787	0.000000	0.000422
2.496641	0.306515	0.002370
2.482899	0.523256	0.004165
2.471542	0.829772	0.005844
2.433526	1.046513	0.007376
2.338766	1.353028	0.008796
2.267762	1.659543	0.010092
2.185444	1.876284	0.011251
2.122502	2.182799	0.012311
2.056743	2.489315	0.013262
2.003034	2.795830	0.014107
2.015909	3.102388	0.014853
2.006242	3.408904	0.015506
1.986475	3.715419	0.016073
1.955221	4.021934	0.016560
1.914777	4.238675	0.016958
1.871993	4.545191	0.017308
1.837878	4.851706	0.017601
1.825220	5.158221	0.017843
1.839568	5.464736	0.018044
1.839091	5.771251	0.018211
1.839091	6.077767	0.018352
1.839091	6.384282	0.018475
1.839091	6.690797	0.018589
1.839091	6.997312	0.018701
1.839091	7.303828	0.018819
1.839091	7.610343	0.018952
1.839091	7.916901	0.019106
1.839091	8.223417	0.019290
1.839091	8.529932	0.019510
1.839091	8.836447	0.019774
1.839091	9.142962	0.020089
1.839091	9.449478	0.020462
1.839091	9.755993	0.020897
1.839091	10.062508	0.021402
1.839048	10.369023	0.021981
1.838701	10.675539	0.022640
1.837314	10.982054	0.023385
1.833109	11.288569	0.024216
1.822576	11.595084	0.025141
1.802072	11.901600	0.026160
1.771425	12.208158	0.027277
1.738133	12.514673	0.028497
1.712601	12.821189	0.029817
1.697126	13.127704	0.031240
1.689757	13.434219	0.032767
1.686939	13.740734	0.034398
1.686549	14.047250	0.036133
1.672027	14.353765	0.037972
1.684338	14.660280	0.039909
1.717716	14.966795	0.041946
1.759721	15.273311	0.044078
1.799254	15.490052	0.046288
1.824310	15.796567	0.048604
1.832156	16.103082	0.051003
1.848498	16.409597	0.053483
1.848021	16.716113	0.056039
1.907105	17.022671	0.058664
1.959990	17.239412	0.061336
2.029694	17.545927	0.064081
2.060081	17.762669	0.066861
2.058390	18.069184	0.069701
2.100525	18.285925	0.072557
2.113009	18.592440	0.075459
2.117127	18.809181	0.078363
2.162209	19.115696	0.081293
2.217218	19.332437	0.084211
2.191382	19.549179	0.087120
2.177944	19.765920	0.090015
2.155967	19.982661	0.092883
2.165720	20.199402	0.095718
2.187438	20.505917	0.098525
2.203086	20.722658	0.101264
2.174737	20.939399	0.103940
2.146777	21.156140	0.106544
2.136157	21.372881	0.109068
2.121418	21.589622	0.111499
2.109888	21.806364	0.113834
2.119208	22.023105	0.116060
2.082058	22.329620	0.118187
2.064459	22.546361	0.120173
2.047986	22.763102	0.122026
2.034245	22.979843	0.123738
2.045689	23.196584	0.125302
2.032251	23.503099	0.126727
1.990680	23.719840	0.127975
1.974295	23.936582	0.129055
1.956478	24.153323	0.129962
1.960640	24.370064	0.130688
1.936452	24.586805	0.131233
1.932854	24.893320	0.131604
1.913607	25.110061	0.131768
1.910529	25.326802	0.131736
1.885561	25.543543	0.131505
1.899562	25.850059	0.131092
1.876588	26.066800	0.130460
1.824787	26.373315	0.129641
1.797000	26.590056	0.128605
1.771035	26.896571	0.127380
1.739954	27.113312	0.125938
1.743292	27.419827	0.124310
1.731935	27.726343	0.122485
1.714205	27.943084	0.120446
1.703238	28.249599	0.118231
1.728380	28.556158	0.115827
1.740344	28.862673	0.113236
1.733148	29.079414	0.110450
1.737397	29.385929	0.107506
1.736139	29.692444	0.104392
1.728423	29.998960	0.101116
1.701244	30.305475	0.097686
1.675885	30.611990	0.094105
1.685292	30.918505	0.090387
1.719840	31.225021	0.086534
1.767003	31.531536	0.082559
1.816030	31.748277	0.078453
1.852789	32.054792	0.074257
1.880229	32.361307	0.069966
1.929646	32.667823	0.065590
1.984438	32.974338	0.061137
2.063722	33.280853	0.056623
2.133556	33.497594	0.052034
2.188131	33.804153	0.047421
2.190342	34.110668	0.042772
2.190429	34.417183	0.038103
2.173523	34.723698	0.033422
2.160692	34.940440	0.028726
2.163206	35.246955	0.024056
2.143136	35.553470	0.019410
2.128831	35.859985	0.014796
2.125450	36.166500	0.010226
2.106940	36.383242	0.005693
2.016169	36.689757	0.001243
1.946075	36.906498	-0.003150
1.879839	37.213013	-0.007440
1.835363	37.519528	-0.011636
1.777840	37.826044	-0.015728
1.768260	38.042785	-0.019723
1.745719	38.349300	-0.023579
1.699293	38.655815	-0.027304
1.655035	38.962374	-0.030892
1.671897	39.179115	-0.034350
1.659023	39.485630	-0.037637
1.659370	39.792145	-0.040765
1.644024	40.098661	-0.043727
1.633751	40.315402	-0.046535
1.624908	40.621917	-0.049146
1.622480	40.838658	-0.051594
1.602367	41.145173	-0.053841
1.614331	41.451688	-0.055896
1.591053	41.668429	-0.057774
1.597599	41.885171	-0.059458
1.564654	42.191686	-0.060930
1.548355	42.408427	-0.062217
1.566084	42.714942	-0.063290
1.597468	42.931683	-0.064178
1.608306	43.238198	-0.064849
1.664528	43.454940	-0.065338
1.690407	43.761455	-0.065613
1.737613	43.978196	-0.065707
1.736530	44.284711	-0.065592
1.760805	44.501452	-0.065301
1.795396	44.807967	-0.064805
1.790108	45.024708	-0.064143
1.807317	45.241450	-0.063299
1.836144	45.547965	-0.062263
1.857731	45.854480	-0.061057
1.879839	46.071221	-0.059703
1.986085	46.287962	-0.058187
2.113962	46.594521	-0.056503
2.146734	46.811262	-0.054687
2.154406	47.028003	-0.052731
2.232693	47.334518	-0.050625
2.274871	47.551259	-0.048410
2.324288	47.857775	-0.046060
2.406086	48.074516	-0.043614
2.440071	48.381031	-0.041049
2.453943	48.597772	-0.038405
2.476050	48.904287	-0.035658
2.465213	49.210802	-0.032832
2.457410	49.517318	-0.029937
2.438727	49.823833	-0.026979
2.418917	50.040574	-0.023983
2.358663	50.347089	-0.020926
2.315835	50.653604	-0.017832
2.269149	50.870345	-0.014726
2.277515	51.176861	-0.011584
2.265204	51.483376	-0.008429
2.238979	51.700117	-0.005287
2.288742	52.006632	-0.002133
2.310850	52.223373	0.000994
2.332307	52.529889	0.004117
2.348996	52.836404	0.007214
2.372838	53.053145	0.010260
2.312454	53.269886	0.013265
2.284798	53.486627	0.016223
2.253717	53.793186	0.019142
2.244094	54.099701	0.022001
2.188955	54.316442	0.024776
2.145563	54.533183	0.027480
2.114743	54.749924	0.030105
2.247692	55.056439	0.032663
2.028957	55.273180	0.035118
1.938142	55.489922	0.037478
2.006416	55.706663	0.039743
2.115176	55.923404	0.041905
2.145303	56.229919	0.043981
2.115523	56.446660	0.045930
2.139841	56.663401	0.047771
2.168928	56.880142	0.049495
2.175127	57.096883	0.051102
2.229659	57.313624	0.052593
2.212580	57.530365	0.053961
2.262777	57.836881	0.055223
2.439421	58.053622	0.056341
2.441502	58.270363	0.057338
2.492652	58.576878	0.058222
2.459708	58.793619	0.058962
2.366422	59.100134	0.059592
2.412155	59.316875	0.060076
2.415666	59.623391	0.060448
2.410378	59.840132	0.060674
2.473189	60.146647	0.060787
2.587585	60.363388	0.060757
2.632667	60.669903	0.060614
2.420738	60.886644	0.060328
2.199922	61.193160	0.059931
2.164637	61.409901	0.059391
2.150852	61.716416	0.058743
2.165720	61.933157	0.057954
2.136027	62.239672	0.057057
2.108024	62.456413	0.056021
2.074689	62.673154	0.054865
2.061858	62.889896	0.053589
2.027309	63.196411	0.052210
2.006936	63.413152	0.050694
2.002124	63.629893	0.049063
2.015302	63.846634	0.047317
1.953011	64.063375	0.045455
1.873206	64.280116	0.043480
1.823529	64.496857	0.041393
1.783302	64.713598	0.039194
1.756470	64.930339	0.036887
1.742295	65.147080	0.034467
1.736443	65.363822	0.031944
1.737006	65.580563	0.029309
1.714595	65.797304	0.026571
1.738697	66.014045	0.023726
1.799341	66.230786	0.020778
1.850189	66.447527	0.017726
1.897742	66.754042	0.014589
1.926308	66.970783	0.011334
1.906671	67.187524	0.007979
1.942867	67.404265	0.004525
2.054012	67.710824	0.000988
2.032164	67.927565	-0.002661
2.032208	68.144306	-0.006407
2.065196	68.361047	-0.010247
2.010360	68.667563	-0.014164
2.002341	68.974078	-0.018174
2.024492	69.190819	-0.022290
2.034809	69.497334	-0.026479
2.043522	69.714075	-0.030772
2.017296	70.020590	-0.035132
1.837444	70.327106	-0.039575
1.629720	70.543847	-0.044117
1.510469	70.850362	-0.048722
1.400494	71.156877	-0.053400
1.289479	71.463392	-0.058152
1.233300	71.769908	-0.062976
1.160172	72.076423	-0.067864
1.119078	72.382938	-0.072817
1.109584	72.689453	-0.077828
1.063158	72.995969	-0.082894
1.028090	73.212710	-0.088027
1.014782	73.519268	-0.093190
1.036282	73.825784	-0.098392
1.111275	74.132299	-0.103631
1.135463	74.438814	-0.108897
1.155187	74.745329	-0.114189
1.238415	75.051844	-0.119497
1.359270	75.358360	-0.124815
1.475747	75.575101	-0.130155
1.625818	75.881616	-0.135473
1.839655	76.188131	-0.140779
1.942910	76.494646	-0.146064
2.029390	76.801162	-0.151323
2.078937	77.017903	-0.156560
2.111492	77.324418	-0.161734
2.132819	77.630933	-0.166853
2.187784	77.847674	-0.171924
2.228315	78.154190	-0.176902
2.178074	78.370931	-0.181814
2.161385	78.677446	-0.186612
2.114959	78.894187	-0.191318
2.118471	79.110928	-0.195909
2.127400	79.327669	-0.200370
2.062768	79.544410	-0.204694
2.041918	79.850969	-0.208848
2.036803	80.067710	-0.212855
2.042655	80.284451	-0.216689
2.053969	80.590966	-0.220323
2.010620	80.807707	-0.223772
1.963631	81.114223	-0.226997
1.941610	81.420738	-0.230000
1.917162	81.727253	-0.232766
1.825610	81.943994	-0.235327
1.698773	82.250509	-0.237588
1.537995	82.557025	-0.239595
1.424943	82.863540	-0.241325
1.375439	83.080281	-0.242778
1.294855	83.386796	-0.243909
1.226885	83.693311	-0.244762
1.168885	83.910052	-0.245293
1.133903	84.216568	-0.245477
1.122329	84.523083	-0.245316
1.114093	84.739824	-0.244854
1.153323	85.046339	-0.244001
1.165070	85.352854	-0.242801
1.172439	85.569596	-0.241233
1.165287	85.876111	-0.239295
1.137240	86.092852	-0.236988
1.103906	86.309593	-0.234312
1.095279	86.526334	-0.231244
1.079110	86.832893	-0.227760
1.059344	87.049634	-0.223908
1.066626	87.266375	-0.219663
1.071871	87.483116	-0.215024
1.058173	87.699857	-0.209992
1.081105	88.006372	-0.204553
1.116867	88.223113	-0.198739
1.065369	88.439854	-0.192538
1.049114	88.656595	-0.185955
1.088994	88.873337	-0.178992
1.081018	89.090078	-0.171659
1.059084	89.396593	-0.163942
1.049634	89.613334	-0.155886
1.048550	89.830075	-0.147480
1.076943	90.046816	-0.138735
1.054619	90.263557	-0.129662
1.047770	90.480298	-0.120273
1.025142	90.697039	-0.110579
1.000737	91.003555	-0.100579
0.965928	91.220296	-0.090320
0.914257	91.437037	-0.079800
0.880446	91.653778	-0.069036
0.890459	91.960293	-0.058030
0.901556	92.177034	-0.046830
0.893493	92.393775	-0.035441
0.887598	92.610516	-0.023881
0.912567	92.827257	-0.012172
0.931423	93.133773	-0.000317
0.934024	93.350514	0.011628
0.939226	93.567255	0.023660
0.985305	93.783996	0.035752
1.014522	94.090511	0.047900
1.021891	94.307252	0.060049
1.015432	94.523993	0.072188
0.994018	94.830508	0.084310
1.016299	95.047250	0.096357
1.001604	95.353765	0.108339
0.989250	95.570506	0.120196
1.024752	95.787247	0.131920
1.019853	96.093762	0.143501
1.027223	96.310503	0.154883
1.032381	96.527244	0.166058
1.024015	96.833760	0.177013
1.009190	97.050501	0.187696
0.996229	97.267242	0.198096
0.979583	97.573757	0.208205
0.975898	97.790498	0.217967
0.943647	98.097013	0.227396
0.910573	98.313754	0.236434
0.893103	98.620270	0.245085
0.851836	98.837011	0.253298
0.835320	99.053752	0.261095
0.817677	99.360267	0.268431
0.836447	99.577008	0.275259
0.853223	99.793749	0.281626
0.850232	100.010490	0.287463
0.851142	100.227231	0.292769
0.832459	100.443972	0.297544
0.806580	100.750531	0.301789
0.795266	100.967272	0.305434
0.780961	101.184013	0.308502
0.824570	101.400754	0.310993
0.881269	101.617495	0.312885
0.937665	101.834236	0.314177
0.997356	102.140752	0.314869
1.015172	102.357493	0.314938
1.079371	102.664008	0.314407
1.214357	102.970523	0.313254
1.272487	103.187264	0.311478
1.330010	103.493780	0.309078
1.361394	103.800295	0.306103
1.385756	104.017036	0.302481
1.410941	104.323551	0.298282
1.426937	104.540292	0.293484
1.472496	104.757033	0.288086
1.467901	104.973774	0.282134
1.485283	105.190515	0.275605
1.446790	105.497031	0.268546
1.436907	105.713772	0.260933
1.423165	106.020287	0.252836
1.400711	106.237028	0.244208
1.368156	106.543543	0.235119
1.315792	106.760284	0.225562
1.256231	107.066800	0.215575
1.197494	107.373315	0.205173
1.156487	107.679830	0.194377
1.172179	107.896571	0.183198
1.172179	108.203086	0.171689
1.164463	108.419827	0.159850
1.152499	108.726386	0.147736
1.131995	108.943127	0.135346
1.087043	109.159868	0.122722
1.099354	109.376609	0.109896
1.077983	109.593350	0.096899
1.054792	109.899866	0.083775
1.031601	110.116607	0.070522
1.000780	110.423122	0.057207
0.959816	110.639863	0.043826
0.876414	110.856604	0.030430
0.838745	111.073345	0.017049
0.840912	111.290086	0.003715
0.818241	111.506827	-0.009540
0.780225	111.723568	-0.022684
0.736963	111.940310	-0.035688
0.698947	112.157051	-0.048516
0.672678	112.373792	-0.061142
0.658589	112.590533	-0.073535
0.652694	112.807274	-0.085662
0.651740	113.024015	-0.097499
0.630717	113.240756	-0.109015
0.645195	113.457497	-0.120180
0.671811	113.674238	-0.130974
0.758464	113.890979	-0.141367
0.860982	114.197494	-0.151319
0.915644	114.414236	-0.160839
0.984828	114.720751	-0.169873
1.101695	114.937492	-0.178429
1.255668	115.244007	-0.186460
1.361264	115.460748	-0.193976
1.473926	115.767263	-0.200929
1.632927	116.073779	-0.207319
1.800295	116.290520	-0.213146
1.993498	116.597035	-0.218369
2.083922	116.903550	-0.222987
1.809225	117.120291	-0.227013
1.518835	117.337032	-0.230415
1.391868	117.553773	-0.233205
1.339807	117.860289	-0.235327
1.295548	118.166804	-0.236826
1.266245	118.383545	-0.237703
1.249729	118.690060	-0.237911
1.204560	118.996575	-0.237495
1.188695	119.303091	-0.236457
1.205644	119.609649	-0.234773
1.136764	119.916165	-0.232489
1.041137	120.132906	-0.229590
0.997269	120.439421	-0.226076
0.965538	120.745936	-0.221968
0.968096	121.052451	-0.217280
0.973991	121.358967	-0.212025
0.955005	121.575708	-0.206232
0.949239	121.882223	-0.199891
0.932507	122.098964	-0.193046
0.961247	122.405479	-0.185687
1.005158	122.711994	-0.177850
1.006589	122.928736	-0.169573
0.989857	123.235251	-0.160846
1.010013	123.451992	-0.151725
1.000477	123.668733	-0.142218
0.997876	123.975248	-0.132335
1.008019	124.191989	-0.122134
1.029130	124.498504	-0.111610
1.041181	124.715246	-0.100823
1.035112	125.021761	-0.089768
1.052321	125.238502	-0.078506
1.044865	125.545017	-0.067036
1.049937	125.851532	-0.055403
1.013871	126.158091	-0.043633
0.961767	126.464606	-0.031759
0.936625	126.771121	-0.019813
0.926048	127.077637	-0.007822
0.923100	127.384152	0.004184
0.926048	127.690667	0.016174
0.910573	127.997182	0.028119
0.869305	128.303698	0.039988
0.843123	128.610213	0.051755
0.817764	128.916728	0.063391
0.839005	129.223243	0.074866
0.878148	129.439984	0.086137
0.899519	129.746500	0.097213
0.927392	129.963241	0.108030
0.926005	130.269756	0.118600
0.904287	130.576271	0.128880
0.934544	130.793012	0.138834
0.946162	131.099528	0.148465
0.991417	131.316269	0.157727
0.938706	131.533010	0.166611
0.898825	131.839568	0.175117
0.875981	132.056309	0.183193
0.897308	132.362825	0.190854
0.897438	132.579566	0.198054
0.896918	132.886081	0.204811
0.918419	133.102822	0.211079
0.915514	133.319563	0.216860
0.902293	133.626078	0.222164
0.886168	133.842819	0.226946
0.906411	134.059560	0.231221
0.915254	134.276302	0.234981
0.902336	134.582817	0.238210
0.895704	134.799558	0.240933
0.866574	135.016299	0.243101
0.870822	135.233040	0.244739
0.881009	135.449781	0.245869
0.877931	135.666522	0.246446
0.890632	135.883263	0.246515
0.927869	136.100004	0.246077
0.987342	136.316745	0.245108
1.012874	136.533486	0.243632
1.038363	136.750228	0.241648
1.037019	136.966969	0.239202
1.042265	137.273484	0.236273
1.019593	137.490225	0.232858
1.016993	137.796740	0.229011
1.052798	138.013481	0.224701
1.076293	138.319997	0.219981
1.067883	138.536738	0.214830
1.083445	138.843253	0.209298
1.057957	139.059994	0.203367
1.040964	139.366509	0.197090
1.015129	139.673024	0.190467
0.980320	139.889765	0.183500
0.979886	140.196281	0.176240
0.961680	140.413022	0.168676
0.940353	140.629763	0.160839
0.907625	140.936278	0.152772
0.863757	141.153019	0.144458
0.859335	141.369760	0.135936
0.854307	141.586501	0.127228
0.822923	141.893017	0.118367
0.806537	142.109758	0.109345
0.791408	142.326499	0.100196
0.768824	142.543240	0.090940
0.708657	142.759981	0.081602
0.673284	142.976722	0.072199
0.658719	143.193463	0.062752
0.652824	143.410204	0.053280
0.651394	143.626945	0.043803
0.654298	143.843686	0.034341
0.679050	144.060427	0.024908
0.678573	144.277168	0.015525
0.665915	144.493910	0.006210
0.647709	144.710651	-0.003022
0.633968	145.017209	-0.012137
0.603017	145.233950	-0.021152
0.612164	145.450691	-0.030038
0.649009	145.667432	-0.038779
0.690234	145.884174	-0.047363
0.726343	146.190689	-0.055758
0.763232	146.407430	-0.063989
0.776627	146.624171	-0.072026
0.802332	146.930686	-0.079842
0.808618	147.147427	-0.087461
0.810395	147.364168	-0.094857
0.796784	147.670684	-0.102009
0.784819	147.887425	-0.108939
0.781352	148.104166	-0.115624
0.767177	148.410681	-0.122044
0.742728	148.717196	-0.128211
0.751355	148.933937	-0.134137
0.758984	149.240453	-0.139784
0.749664	149.546968	-0.145169
0.748104	149.853483	-0.150288
0.764056	150.159998	-0.155139
0.747887	150.466514	-0.159723
0.748364	150.773029	-0.164041
0.739997	151.079544	-0.168095
0.751138	151.386059	-0.171883
0.761455	151.602800	-0.175424
0.752568	151.909316	-0.178690
0.759027	152.126057	-0.181715
0.747930	152.432615	-0.184471
0.720447	152.739130	-0.186977
0.747063	152.955872	-0.189253
0.753392	153.262387	-0.191274
0.798041	153.479128	-0.193074
0.807274	153.695869	-0.194645
0.791062	154.002384	-0.195973
0.814990	154.219125	-0.197099
0.800468	154.525640	-0.197994
0.786337	154.742382	-0.198700
0.802245	154.959123	-0.199203
0.826304	155.265638	-0.199494
0.844163	155.482379	-0.199614
0.831245	155.699120	-0.199549
0.823356	155.915861	-0.199307
0.861069	156.222376	-0.198876
0.852139	156.439117	-0.198299
0.833846	156.655859	-0.197561
0.822272	156.872600	-0.196668
0.841259	157.179115	-0.195609
0.845290	157.395856	-0.194426
0.868005	157.612597	-0.193101
0.928519	157.829338	-0.191643
0.993584	158.046079	-0.190056
1.009493	158.262820	-0.188345
1.047683	158.479561	-0.186508
1.055399	158.696302	-0.184557
1.058303	158.913043	-0.182490
1.044995	159.219559	-0.180293
1.034635	159.436300	-0.178003
1.039534	159.742815	-0.175590
1.038970	159.959556	-0.173089
1.018683	160.266071	-0.170466
0.992804	160.572587	-0.167742
0.974164	160.879102	-0.164916
0.921973	161.185617	-0.161986
0.901339	161.492132	-0.158959
0.868482	161.708873	-0.155845
0.848325	162.015432	-0.152615
0.818241	162.321947	-0.149282
0.819108	162.538688	-0.145865
0.854827	162.845204	-0.142329
0.857124	163.061945	-0.138705
0.858381	163.368460	-0.134958
0.850059	163.585201	-0.131122
0.820885	163.801942	-0.127177
0.788634	164.018683	-0.123122
0.756513	164.235424	-0.118955
0.777407	164.452165	-0.114676
0.811739	164.758680	-0.110268
0.836057	164.975422	-0.105758
0.831982	165.192163	-0.101130
0.838961	165.408904	-0.096382
0.787854	165.625645	-0.091515
0.737136	165.842386	-0.086525
0.699554	166.059127	-0.081413
0.672331	166.275868	-0.076178
0.671160	166.492609	-0.070817
0.677273	166.709350	-0.065334
0.667649	166.926091	-0.059726
0.648186	167.142832	-0.053991
0.632450	167.449348	-0.048120
0.622784	167.666089	-0.042140
0.619706	167.882830	-0.036041
0.652347	168.099571	-0.029824
0.673978	168.316312	-0.023489
0.664181	168.533053	-0.017040
0.647276	168.749794	-0.010481
0.632277	169.056309	-0.003799
0.622697	169.273050	0.002970
0.638433	169.489791	0.009836
0.634444	169.706533	0.016795
0.637999	169.923274	0.023840
0.616195	170.140015	0.030966
0.592874	170.446530	0.038182
0.584247	170.663271	0.045448
0.613811	170.880012	0.052773
0.628636	171.096753	0.060148
0.649573	171.313494	0.067562
0.641163	171.530235	0.075011
0.630326	171.836751	0.082497
0.622090	172.053492	0.089978
0.616715	172.270233	0.097460
0.622047	172.486974	0.104932
0.650223	172.703715	0.112381
0.622047	172.920456	0.119797
0.616715	173.137197	0.127166
0.622090	173.353938	0.134478
0.629893	173.570679	0.141717
0.621050	173.877195	0.148887
0.624951	174.093936	0.155944
0.669036	174.310677	0.162890
0.684902	174.527418	0.169709
0.683471	174.833933	0.176406
0.709870	175.140448	0.182951
0.724869	175.357189	0.189313
0.740734	175.663705	0.195510
0.726256	175.970220	0.201512
0.736399	176.276735	0.207307
0.743075	176.493476	0.212862
0.742555	176.800035	0.218200
0.756513	177.016776	0.223276
0.782132	177.323291	0.228106
0.798171	177.540032	0.232651
0.828905	177.756773	0.236896
0.838788	177.973514	0.240863
0.865577	178.190255	0.244508
0.866227	178.406996	0.247853
0.867138	178.623737	0.250852
0.844857	178.840479	0.253528
0.849842	179.057220	0.255835
0.862673	179.273961	0.257796
0.846070	179.490702	0.259411
0.833456	179.797217	0.260657
0.803459	180.013958	0.261510
0.798821	180.230699	0.261995
0.778837	180.537214	0.262110
0.762105	180.753956	0.261833
0.751962	181.060471	0.261164
0.729247	181.277212	0.260103
0.695522	181.583727	0.258650
0.665352	181.800468	0.256781
0.635355	182.106983	0.254566
0.595908	182.413499	0.251937
0.579782	182.720014	0.248938
0.528545	182.936755	0.245546
0.525337	183.243270	0.241786
0.557501	183.549785	0.237657
0.569899	183.856301	0.233181
0.557241	184.073042	0.228312
0.557241	184.379557	0.223121
0.569899	184.596298	0.217580
0.557501	184.902813	0.211730
0.524904	185.209372	0.205566
0.544107	185.515887	0.199102
0.565564	185.732628	0.192335
0.577832	186.039143	0.185313
0.574277	186.345659	0.178033
0.594651	186.562400	0.170494
0.616498	186.868915	0.162745
0.614201	187.085656	0.154772
0.619489	187.392171	0.146627
0.598292	187.608912	0.138289
0.602584	187.825653	0.129802
0.611817	188.132169	0.121195
0.632234	188.348910	0.112459
0.640166	188.565651	0.103628
0.646755	188.782392	0.094726
0.633187	188.999133	0.085768
0.647969	189.305648	0.076797
0.665959	189.522389	0.067797
0.677706	189.739130	0.058810
0.660150	189.955872	0.049852
0.647319	190.172613	0.040950
0.694178	190.389354	0.032119
0.752482	190.606095	0.023385
0.809441	190.912610	0.014785
0.835667	191.129351	0.006303
0.831939	191.346092	-0.002021
0.838658	191.562833	-0.010170
0.861979	191.779574	-0.018122
0.838658	191.996315	-0.025858
0.831679	192.213056	-0.033362
0.834193	192.429798	-0.040618
0.802852	192.646539	-0.047603
0.773896	192.953054	-0.054286
0.728944	193.169795	-0.060688
0.668993	193.386536	-0.066776
0.627986	193.603277	-0.072534
0.634054	193.909792	-0.077932
0.646712	194.126533	-0.082995
0.639950	194.343275	-0.087692
0.630240	194.560016	-0.092015
0.642897	194.776757	-0.095953
0.653908	195.083272	-0.099483
0.643374	195.300013	-0.102629
0.622264	195.516754	-0.105370
0.631367	195.733495	-0.107700
0.611600	196.040010	-0.109601
0.610820	196.256751	-0.111103
0.574407	196.473493	-0.112185
0.581039	196.780008	-0.112835
0.595778	196.996749	-0.113082
0.587108	197.213490	-0.112916
0.594044	197.430231	-0.112339
0.629763	197.736746	-0.111336
0.649140	197.953487	-0.109949
0.688066	198.170228	-0.108166
0.754692	198.386970	-0.105997
0.821795	198.603711	-0.103448
0.839828	198.820452	-0.100530
0.837488	199.037193	-0.097254
0.856127	199.253934	-0.093632
0.871082	199.470675	-0.089678
0.911613	199.687416	-0.085401
0.922190	199.993975	-0.080804
0.933504	200.210716	-0.075932
0.955785	200.517231	-0.070769
0.978499	200.733972	-0.065366
0.986822	201.040487	-0.059705
0.991287	201.347002	-0.053822
0.988773	201.653518	-0.047737
0.961117	201.870259	-0.041483
0.934804	202.176774	-0.035046
0.934891	202.483289	-0.028467
0.964281	202.789804	-0.021762
0.986779	203.006546	-0.014969
0.964931	203.313061	-0.008076
0.939789	203.619576	-0.001121
0.917378	203.926091	0.005876
0.936712	204.232607	0.012894
0.922017	204.449348	0.019894
0.896138	204.755863	0.026889
0.865837	205.062378	0.033845
0.853223	205.279119	0.040719
0.854567	205.585634	0.047529
0.836014	205.892193	0.054235
0.799038	206.198708	0.060819
0.773419	206.505223	0.067262
0.795917	206.811739	0.073546
0.833543	207.118254	0.079655
0.875374	207.334995	0.085551
0.914517	207.641510	0.091252
0.946812	207.948025	0.096726
0.971217	208.254541	0.101956
0.993584	208.561056	0.106932
1.051975	208.867571	0.111636
1.126533	209.174086	0.116056
1.205774	209.480602	0.120183
1.218085	209.787117	0.124000
1.226755	210.093632	0.127505
1.253717	210.400147	0.130684
1.315748	210.616888	0.133512
1.352248	210.923447	0.136017
1.396029	211.140188	0.138160
1.436083	211.356929	0.139950
1.491482	211.663444	0.141404
1.506090	211.880186	0.142483
1.561533	212.096927	0.143203
1.595691	212.313668	0.143561
1.629633	212.530409	0.143561
1.655035	212.836924	0.143217
1.670987	213.053665	0.142500
1.690710	213.270406	0.141429
1.706663	213.487147	0.140010
1.731414	213.703888	0.138248
1.713512	213.920629	0.136146
1.736226	214.137370	0.133715
1.744246	214.354112	0.130960
1.740301	214.570853	0.127895
1.736703	214.877368	0.124538
1.741428	215.094109	0.120872
1.706099	215.310850	0.116923
1.643678	215.617365	0.112720
1.562443	215.923881	0.108258
1.484243	216.140622	0.103534
1.427327	216.447137	0.098595
1.338810	216.663878	0.093423
1.099311	216.970393	0.088061
0.971520	217.187134	0.082497
0.869695	217.493649	0.076776
0.836100	217.710391	0.070880
0.814426	218.016906	0.064858
0.713035	218.233647	0.058697
0.671637	218.540162	0.052440
0.636395	218.756903	0.046076
0.642464	218.973644	0.039635
0.673241	219.190385	0.033134
0.700507	219.407126	0.026589
0.697213	219.623868	0.020016
0.690667	219.840609	0.013431
0.685379	220.147124	0.006867
0.688760	220.363865	0.000306
0.721011	220.580606	-0.006221
0.841649	220.797347	-0.012697
0.830465	221.014088	-0.019110
0.867138	221.230829	-0.025445
0.892843	221.447570	-0.031688
0.939746	221.754086	-0.037808
0.975248	222.060601	-0.043813
1.038407	222.277342	-0.049702
1.093806	222.583900	-0.055437
1.070788	222.890416	-0.061020
1.013785	223.196931	-0.066439
0.996922	223.413672	-0.071705
1.009883	223.720187	-0.076776
0.998743	223.936928	-0.081676
0.994885	224.243444	-0.086363
0.968312	224.460185	-0.090866
1.004291	224.676926	-0.095164
1.016256	224.983441	-0.099231
0.994018	225.200182	-0.103100
1.013828	225.506697	-0.106733
1.007673	225.723438	-0.110159
1.000303	225.940179	-0.113361
1.002124	226.246695	-0.116323
0.994061	226.463436	-0.119073
1.013828	226.769951	-0.121583
1.007673	226.986692	-0.123885
1.000303	227.203433	-0.125961
1.016256	227.509948	-0.127802
0.993715	227.726689	-0.129442
1.012354	228.033205	-0.130852
1.003164	228.249946	-0.132068
0.989206	228.466687	-0.133080
0.971737	228.773202	-0.133874
0.960163	228.989943	-0.134490
0.961117	229.296458	-0.134903
0.978759	229.513200	-0.135152
0.978976	229.819715	-0.135210
0.969916	230.036456	-0.135117
0.951970	230.342971	-0.134850
0.953184	230.559712	-0.134448
0.937318	230.776453	-0.133904
0.904851	231.083012	-0.133210
0.862326	231.299753	-0.132407
0.823269	231.516494	-0.131486
0.809918	231.733235	-0.130460
0.762669	232.039750	-0.129318
0.778621	232.256491	-0.128102
0.809398	232.563007	-0.126790
0.811522	232.779748	-0.125422
0.810785	233.086263	-0.123973
0.803503	233.303004	-0.122487
0.791495	233.519745	-0.120955
0.776367	233.826260	-0.119368
0.766657	234.043001	-0.117765
0.771772	234.349517	-0.116125
0.772552	234.566258	-0.114485
0.789458	234.872773	-0.112821
0.797260	235.089514	-0.111170
0.799124	235.396029	-0.109509
0.806754	235.612770	-0.107871
0.822576	235.919286	-0.106233
0.853917	236.225801	-0.104616
0.903810	236.442542	-0.103038
0.926915	236.749057	-0.101471
0.947202	236.965798	-0.099956
0.972517	237.272313	-0.098454
0.986692	237.578829	-0.096991
1.015865	237.885344	-0.095568
1.034158	238.102085	-0.094198
1.065456	238.408600	-0.092853
1.055963	238.715159	-0.091549
1.053708	239.021674	-0.090285
1.053708	239.328189	-0.089060
1.055616	239.634705	-0.087874
1.050241	239.941220	-0.086723
1.069357	240.247735	-0.085607
1.095279	240.464476	-0.084539
1.093415	240.770991	-0.083480
1.061424	240.987732	-0.082462
1.035112	241.294248	-0.081447
1.044172	241.600763	-0.080451
1.014045	241.907278	-0.079461
0.956652	242.124019	-0.078497
0.952274	242.430534	-0.077514
0.938619	242.647276	-0.076543
0.914040	242.953791	-0.075542
0.853353	243.170532	-0.074541
0.852876	243.477047	-0.073498
0.832242	243.693788	-0.072441
0.832286	243.910529	-0.071348
0.821449	244.127270	-0.070211
0.837488	244.433786	-0.069004
0.835190	244.650527	-0.067758
0.837444	244.867268	-0.066448
0.863323	245.084009	-0.065066
0.891716	245.300750	-0.063606
0.919026	245.517491	-0.062063
0.963501	245.734232	-0.060432
1.027786	245.950973	-0.058701
1.035502	246.167714	-0.056872
1.051411	246.384455	-0.054934
1.109411	246.601196	-0.052886
1.145390	246.817937	-0.050720
1.170228	247.124453	-0.048415
1.163986	247.431011	-0.045988
1.134856	247.647752	-0.043446
1.109194	247.954268	-0.040756
1.107807	248.260783	-0.037935
1.103776	248.567298	-0.034975
1.087823	248.873813	-0.031877
1.100264	249.180329	-0.028640
1.122025	249.486844	-0.025265
1.140795	249.793359	-0.021750
1.172699	250.099874	-0.018097
1.194243	250.406390	-0.014307
1.191296	250.712905	-0.010383
1.208938	250.929646	-0.006342
1.198535	251.236161	-0.002156
1.186094	251.542676	0.002155
1.185270	251.759417	0.006571
1.181716	252.065933	0.011118
1.165894	252.372491	0.015776
1.158481	252.589232	0.020521
1.146300	252.805973	0.025364
1.118384	253.112489	0.030310
1.107157	253.329230	0.035326
1.131345	253.545971	0.040410
1.138714	253.852486	0.045577
1.127184	254.069227	0.050782
1.131952	254.285968	0.056030
1.128788	254.502709	0.061313
1.096623	254.719450	0.066619
1.086306	254.936191	0.071938
1.084919	255.152933	0.077256
1.086436	255.369674	0.082562
1.092678	255.586415	0.087844
1.117430	255.803156	0.093090
1.165807	256.019897	0.098290
1.183363	256.236638	0.103425
1.205904	256.453379	0.108487
1.204343	256.670120	0.113460
1.210586	256.976635	0.118349
1.191556	257.193376	0.123108
1.191252	257.499892	0.127756
1.187611	257.716633	0.132248
1.239629	258.023148	0.136605
1.272834	258.239889	0.140779
1.306559	258.546404	0.144790
1.316008	258.763145	0.148597
1.336859	259.069661	0.152218
1.321730	259.376176	0.155626
1.301010	259.682691	0.158807
1.269496	259.989206	0.161755
1.261260	260.205947	0.164438
1.233907	260.512463	0.166883
1.203433	260.818978	0.169063
1.179332	261.035719	0.170953
1.153366	261.252460	0.172561
1.103255	261.558975	0.173894
1.058954	261.775716	0.174916
1.050891	261.992457	0.175636
1.053405	262.298973	0.176063
0.991027	262.515714	0.176162
0.938099	262.732455	0.175943
0.918072	262.949196	0.175403
0.838268	263.165937	0.174540
0.816637	263.472496	0.173373
0.838485	263.689237	0.171862
0.863583	263.905978	0.170025
0.867571	264.212493	0.167882
0.864103	264.429234	0.165400
0.852269	264.645975	0.162597
0.832026	264.862716	0.159478
0.767047	265.079457	0.156048
0.755819	265.296198	0.152311
0.779488	265.512939	0.148271
0.819498	265.819455	0.143955
0.836100	266.036196	0.139334
0.832416	266.252937	0.134435
0.842212	266.469678	0.129265
0.868048	266.686419	0.123837
0.866964	266.903160	0.118159
0.866964	267.119901	0.112245
0.866964	267.336642	0.106104
0.866964	267.553383	0.099748
0.866964	267.770124	0.093192
0.866964	267.986865	0.086451
0.866964	268.203607	0.079537
0.866964	268.420348	0.072467
0.866964	268.637089	0.065253
0.866964	268.853830	0.057915
0.866964	269.070571	0.050466
0.866964	269.287312	0.042922
0.866964	269.504053	0.035302
0.866964	269.720794	0.027623
0.866964	269.937535	0.019901
0.866964	270.154276	0.012154
0.866964	270.371017	0.004399
0.866964	270.587758	-0.003346
0.866834	270.804500	-0.011063
0.866357	271.021241	-0.018734
0.865707	271.237982	-0.026342
0.839352	271.454723	-0.033872
0.832069	271.671464	-0.041303
0.836100	271.888205	-0.048618
0.845030	272.104946	-0.055804
0.861763	272.411461	-0.062824
0.881833	272.628202	-0.069696
0.866054	272.844943	-0.076388
0.847371	273.061685	-0.082885
0.867875	273.278426	-0.089173
0.866964	273.495167	-0.095236
0.866964	273.711908	-0.101058
0.866964	273.928649	-0.106632
0.866964	274.145390	-0.111940
0.866964	274.362131	-0.116971
0.866964	274.578872	-0.121717
0.866964	274.795613	-0.126162
0.866834	275.012354	-0.130301
0.866357	275.229095	-0.134123
0.864493	275.445836	-0.137618
0.858598	275.662577	-0.140783
0.844510	275.879319	-0.143607
0.818241	276.096060	-0.146084
0.780225	276.312801	-0.148214
0.736963	276.529542	-0.149990
0.705145	276.746283	-0.151406
0.653648	276.963024	-0.152465
0.648619	277.179765	-0.153162
0.656595	277.396506	-0.153497
0.710304	277.613247	-0.153471
0.757597	277.919762	-0.153070
0.780571	278.136504	-0.152327
0.815640	278.443019	-0.151213
0.821232	278.659760	-0.149764
0.810005	278.876501	-0.147967
0.850882	279.183016	-0.145815
0.859769	279.399757	-0.143346
0.892280	279.706272	-0.140532
0.915168	280.012788	-0.137399
0.913607	280.229529	-0.133971
0.920326	280.536044	-0.130227
0.906325	280.842559	-0.126190
0.897828	281.149075	-0.121876
0.902640	281.455590	-0.117290
0.867701	281.762105	-0.112448
0.841346	282.068620	-0.107363
0.833673	282.375179	-0.102046
0.825177	282.681694	-0.096509
0.850795	282.898435	-0.090788
0.883957	283.204950	-0.084862
0.866704	283.511466	-0.078760
0.877715	283.728207	-0.072515
0.874854	284.034722	-0.066113
0.881313	284.341237	-0.059583
0.869088	284.647752	-0.052939
0.862543	284.864493	-0.046219
0.887381	285.171009	-0.039402
0.891239	285.477524	-0.032523
0.902943	285.694265	-0.025614
0.901079	286.000780	-0.018660
0.897525	286.307296	-0.011692
0.905718	286.524037	-0.004744
0.885474	286.830552	0.002200
0.910616	287.137067	0.009109
0.921150	287.353808	0.015950
0.942824	287.660323	0.022739
0.978369	287.877064	0.029429
1.016126	288.183580	0.036038
1.016516	288.400321	0.042518
1.027656	288.706879	0.048886
1.033075	288.923620	0.055098
1.032381	289.230136	0.061170
1.007543	289.446877	0.067059
1.033638	289.663618	0.072767
1.026572	289.970133	0.078298
0.965668	290.186874	0.083609
0.956478	290.403615	0.088705
0.911223	290.710130	0.093591
0.894751	291.016646	0.098242
0.854957	291.233387	0.102632
0.813126	291.450128	0.106770
0.843773	291.666869	0.110646
0.816854	291.973384	0.114272
0.822749	292.190125	0.117606
0.784949	292.406866	0.120660
0.790932	292.713382	0.123447
0.806320	292.930123	0.125927
0.815900	293.146864	0.128114
0.812519	293.363605	0.130005
0.840218	293.670120	0.131613
0.841779	293.886861	0.132907
0.830725	294.193376	0.133918
0.818501	294.410117	0.134610
0.821795	294.716633	0.135018
0.805930	295.023148	0.135131
0.804846	295.329663	0.134944
0.816940	295.636178	0.134467
0.851792	295.942694	0.133696
0.855087	296.249252	0.132642
0.866184	296.555767	0.131304
0.850752	296.772509	0.129673
0.836794	296.989250	0.127772
0.831462	297.295765	0.125622
0.832156	297.512506	0.123200
0.838615	297.819021	0.120542
0.855390	298.035762	0.117629
0.854307	298.252503	0.114480
0.867528	298.469244	0.111105
0.863063	298.775760	0.107532
0.886428	298.992501	0.103737
0.830812	299.209242	0.099746
0.816940	299.425983	0.095570
0.836707	299.642724	0.091219
0.781828	299.949239	0.086721
0.757163	300.165980	0.082054
0.788287	300.382721	0.077247
0.812649	300.599462	0.072312
0.837704	300.816204	0.067258
0.817851	301.032945	0.062099
0.838008	301.339460	0.056865
0.830985	301.556201	0.051534
0.829772	301.772942	0.046133
0.819238	302.079457	0.040694
0.842993	302.296198	0.035194
0.823746	302.512939	0.029664
0.794920	302.819455	0.024132
0.816334	303.036196	0.018578
0.799948	303.342711	0.013045
0.806754	303.559452	0.007514
0.811652	303.776193	0.002012
0.811782	304.082708	-0.003431
0.808011	304.299449	-0.008838
0.796610	304.605965	-0.014164
0.771772	304.822706	-0.019431
0.766657	305.129221	-0.024594
0.776323	305.345962	-0.029678
0.791452	305.652477	-0.034638
0.803416	305.869218	-0.039496
0.810742	306.085960	-0.044228
0.791885	306.392475	-0.048807
0.815250	306.609216	-0.053259
0.800555	306.915774	-0.057539
0.787594	307.132515	-0.061673
0.821059	307.349257	-0.065638
0.815423	307.655772	-0.069410
0.822012	307.872513	-0.073013
0.826824	308.089254	-0.076425
0.817851	308.395769	-0.079625
0.822229	308.612510	-0.082640
0.806667	308.829251	-0.085445
0.805627	309.135767	-0.088022
0.834930	309.352508	-0.090400
0.846634	309.569249	-0.092557
0.890242	309.785990	-0.094488
0.960943	310.002731	-0.096195
0.995665	310.219472	-0.097672
1.025662	310.436213	-0.098918
1.029303	310.652954	-0.099930
1.022021	310.869695	-0.100710
1.040531	311.086436	-0.101254
1.064892	311.303177	-0.101566
1.122199	311.609693	-0.101626
1.172916	311.916208	-0.101453
1.138107	312.132949	-0.101065
1.110928	312.439464	-0.100431
1.110885	312.745979	-0.099570
1.124323	313.052495	-0.098482
1.108024	313.359010	-0.097171
1.100958	313.665525	-0.095644
1.112185	313.972040	-0.093900
1.116217	314.188781	-0.091962
1.083185	314.495297	-0.089803
1.051801	314.801812	-0.087441
1.044345	315.018553	-0.084901
1.008973	315.235294	-0.082172
0.998439	315.541809	-0.079240
0.997703	315.758550	-0.076148
1.000520	316.065109	-0.072870
1.003815	316.281850	-0.069445
0.990463	316.498591	-0.065864
0.976592	316.805106	-0.062118
0.975465	317.021848	-0.058247
0.945641	317.328363	-0.054226
0.923144	317.545104	-0.050099
0.924141	317.851619	-0.045840
0.939876	318.068360	-0.041490
0.971390	318.285101	-0.037044
0.958299	318.591616	-0.032493
0.970480	318.808358	-0.027877
0.940223	319.114873	-0.023177
0.926351	319.421388	-0.018418
0.946898	319.638129	-0.013624
0.953964	319.944644	-0.008775
0.974295	320.161385	-0.003912
0.981534	320.467901	0.000988
0.964108	320.774416	0.005897
0.958863	321.080931	0.010806
0.948546	321.387446	0.015705
0.999480	321.693962	0.020582
1.045646	322.000477	0.025429
1.092418	322.306992	0.030234
1.083055	322.613551	0.034989
1.081148	322.830292	0.039667
1.105336	323.136807	0.044290
1.166327	323.353548	0.048814
1.201613	323.660063	0.053264
1.245828	323.876804	0.057599
1.279769	324.093545	0.061823
1.301400	324.400061	0.065945
1.353158	324.616802	0.069922
1.392345	324.923317	0.073779
1.422862	325.140058	0.077473
1.462482	325.356799	0.081011
1.483809	325.573540	0.084391
1.500195	325.880055	0.087614
1.517101	326.096797	0.090643
1.506177	326.313538	0.093485
1.501712	326.530279	0.096135
1.475790	326.747020	0.098588
1.480385	326.963761	0.100832
1.493823	327.270276	0.102883
1.501929	327.487017	0.104699
1.501799	327.703758	0.106290
1.497638	327.920499	0.107656
1.447830	328.137240	0.108786
1.387230	328.353982	0.109682
1.346786	328.570723	0.110337
1.314535	328.787464	0.110750
1.286402	329.004205	0.110913
1.254237	329.220946	0.110828
1.214314	329.437687	0.110494
1.170575	329.654428	0.109905
1.132472	329.871169	0.109066
1.106160	330.087910	0.107970
1.092072	330.304651	0.106620
1.086176	330.521392	0.105017
1.084312	330.738133	0.103162
1.083835	330.954875	0.101054
1.083705	331.171616	0.098698
1.083705	331.388357	0.096094
1.084832	331.605098	0.093245
1.065586	331.821839	0.090156
1.048680	332.038580	0.086829
1.049634	332.255321	0.083272
1.032598	332.472062	0.079484
0.975595	332.778577	0.075493
0.914994	332.995318	0.071267
0.866054	333.212059	0.066831
0.847371	333.428801	0.062189
0.867875	333.645542	0.057352
0.867094	333.862283	0.052325
0.867571	334.079024	0.047116
0.871429	334.295765	0.041736
0.896008	334.512506	0.036191
0.882006	334.729247	0.030490
0.881833	334.945988	0.024642
0.861763	335.162729	0.018661
0.845030	335.469244	0.012569
0.836100	335.685986	0.006346
0.832026	335.902727	0.000018
0.837661	336.119468	-0.006403
0.845334	336.336209	-0.012907
0.865317	336.552950	-0.019481
0.912740	336.769691	-0.026114
0.966145	336.986432	-0.032795
1.006719	337.292947	-0.039494
1.027179	337.509688	-0.046233
1.031601	337.726429	-0.052983
1.003034	337.943170	-0.059730
0.936625	338.159912	-0.066464
0.934067	338.376653	-0.073173
0.958732	338.593394	-0.079842
0.977502	338.899909	-0.086442
0.964888	339.116650	-0.092998
0.955395	339.333391	-0.099476
0.943691	339.550132	-0.105866
0.911049	339.766873	-0.112157
0.868525	340.073389	-0.118319
0.858945	340.290130	-0.124372
0.864884	340.506871	-0.130294
0.869479	340.723612	-0.136066
0.826737	341.030127	-0.141667
0.834236	341.246868	-0.147116
0.852269	341.463609	-0.152387
0.861199	341.680350	-0.157469
0.823746	341.986865	-0.162337
0.833846	342.203607	-0.167013
0.852139	342.420348	-0.171474
0.861069	342.637089	-0.175712
0.823399	342.943647	-0.179701
0.831375	343.160388	-0.183465
0.844683	343.377129	-0.186983
0.827951	343.593871	-0.190248
0.807621	343.900386	-0.193237
0.803329	344.117127	-0.195978
0.831852	344.333868	-0.198449
0.852573	344.640383	-0.200631
0.830725	344.857124	-0.202550
0.818414	345.163640	-0.204172
0.800858	345.380381	-0.205526
0.772422	345.597122	-0.206597
0.771035	345.903637	-0.207363
0.780225	346.210152	-0.207842
0.832502	346.516667	-0.208034
0.819455	346.823183	-0.207937
0.812519	347.129698	-0.207554
0.832459	347.436213	-0.206887
0.779964	347.742728	-0.205937
0.769561	348.049244	-0.204707
0.765356	348.355759	-0.203203
0.763145	348.572500	-0.201443
0.781742	348.789241	-0.199415
0.829555	349.095756	-0.197108
0.843946	349.312497	-0.194559
0.831115	349.529238	-0.191763
0.820972	349.745979	-0.188723
0.836967	350.052495	-0.185429
0.815120	350.269236	-0.181922
0.831289	350.485977	-0.178196
0.885647	350.702718	-0.174259
0.961854	350.919459	-0.170118
1.044215	351.226018	-0.165767
1.100438	351.442759	-0.161250
1.093329	351.659500	-0.156558
1.156747	351.966015	-0.151688
1.201483	352.182756	-0.146682
1.217088	352.489271	-0.141519
1.303698	352.706012	-0.136241
1.394469	353.012528	-0.130829
1.453682	353.319043	-0.125311
1.481425	353.535784	-0.119714
1.493216	353.842299	-0.114016
1.494473	354.148814	-0.108247
1.483549	354.365556	-0.102436
1.408514	354.672071	-0.096562
1.367853	354.888812	-0.090668
1.364992	355.195327	-0.084735
1.367159	355.501842	-0.078790
1.343491	355.808358	-0.072845
1.355455	356.025099	-0.066930
1.332091	356.241840	-0.061038
1.316875	356.548355	-0.055165
1.291083	356.854870	-0.049338
1.307946	357.071611	-0.043584
1.302354	357.378126	-0.037879
1.287745	357.594868	-0.032271
1.279683	357.901383	-0.026732
1.264424	358.118124	-0.021309
1.244224	358.424682	-0.015975
1.219082	358.641424	-0.010773
1.192770	358.858165	-0.005693
1.169058	359.164680	-0.000730
1.154536	359.381421	0.004079
1.155317	359.687936	0.008757
1.171702	359.904677	0.013267
1.154276	360.211193	0.017634
1.170445	360.427934	0.021821
1.152196	360.734449	0.025856
1.140708	360.951190	0.029699
1.134856	361.257705	0.033381
1.124236	361.474446	0.036867
1.090468	361.780961	0.040186
1.078547	362.087477	0.043317
1.067970	362.304218	0.046246
1.087867	362.610733	0.049001
1.104643	362.917248	0.051568
1.157961	363.223763	0.053945
1.118037	363.530279	0.056131
1.121072	363.836794	0.058132
1.151849	364.143309	0.059945
1.122632	364.360050	0.061557
1.089384	364.666609	0.063006
1.089384	364.973124	0.064275
1.122632	365.279639	0.065368
1.161169	365.496380	0.066275
1.161862	365.802896	0.067032
1.159912	366.109411	0.067627
1.178031	366.415926	0.068065
1.153279	366.722441	0.068353
1.164897	366.939182	0.068483
1.174000	367.245698	0.068490
1.197321	367.552213	0.068365
1.197841	367.768954	0.068100
1.191166	368.075469	0.067733
1.182366	368.292210	0.067244
1.169968	368.598726	0.066667
1.173046	368.815467	0.065982
1.186007	369.121982	0.065230
1.184013	369.338723	0.064383
1.210456	369.555464	0.063467
1.241059	369.861979	0.062510
1.212016	370.078720	0.061486
1.222160	370.295461	0.060418
1.210759	370.512203	0.059317
1.207768	370.818718	0.058208
1.251420	371.035459	0.057063
1.224414	371.252200	0.055915
1.223027	371.558715	0.054780
1.256101	371.775456	0.053638
1.261910	371.992197	0.052514
1.290173	372.208938	0.051414
1.285881	372.425679	0.050346
1.284711	372.642421	0.049319
1.300403	372.859162	0.048341
1.312974	373.075903	0.047414
1.312931	373.382461	0.046567
1.300403	373.599202	0.045769
1.284451	373.815943	0.045047
1.278556	374.032685	0.044403
1.301313	374.249426	0.043845
1.300316	374.466167	0.043374
1.300446	374.682908	0.043001
1.300446	374.899649	0.042726
1.299883	375.116390	0.042551
1.297976	375.333131	0.042484
1.292080	375.549872	0.042528
1.277992	375.766613	0.042682
1.251723	375.983354	0.042950
1.213707	376.200095	0.043333
1.170445	376.416836	0.043833
1.132342	376.633578	0.044452
1.112835	376.850319	0.045190
1.071178	377.067060	0.046043
1.069314	377.283801	0.047017
1.086870	377.500542	0.048108
1.100264	377.717283	0.049315
1.112922	378.023798	0.050650
1.123629	378.240539	0.052083
1.130565	378.457280	0.053626
1.128007	378.674021	0.055276
1.096406	378.890762	0.057029
1.086176	379.107504	0.058881
1.084312	379.324245	0.060831
1.083835	379.540986	0.062872
1.083705	379.757727	0.065002
1.083705	379.974468	0.067214
1.083705	380.191209	0.069502
1.083705	380.407950	0.071865
1.083705	380.624691	0.074294
1.082968	380.841432	0.076783
1.056223	381.058173	0.079327
1.047250	381.274914	0.081920
1.049504	381.491655	0.084555
1.053448	381.708397	0.087224
1.019853	382.014912	0.089941
1.030170	382.231653	0.092664
1.030430	382.448394	0.095400
1.055442	382.665135	0.098147
1.065456	382.881876	0.100895
1.045342	383.188391	0.103654
1.011184	383.405132	0.106385
1.017946	383.711648	0.109112
1.033508	383.928389	0.111797
1.082752	384.145130	0.114450
1.088344	384.361871	0.117061
1.124669	384.668386	0.119645
1.126057	384.885127	0.122160
1.099051	385.191642	0.124628
1.090728	385.408384	0.127018
1.104816	385.714899	0.129350
1.096710	386.021414	0.131604
1.094803	386.238155	0.133761
1.065846	386.544670	0.135842
1.043998	386.851186	0.137828
1.014262	387.157701	0.139715
0.963761	387.464216	0.141498
0.966795	387.770731	0.143171
0.967749	388.077247	0.144728
0.983181	388.383805	0.146167
0.974988	388.690320	0.147485
0.954224	388.907061	0.148657
0.947072	389.213577	0.149718
0.926872	389.430318	0.150629
0.940830	389.736833	0.151420
0.961940	390.043348	0.152071
0.994885	390.260089	0.152567
1.026009	390.566605	0.152934
1.019333	390.783346	0.153139
1.033161	391.089861	0.153215
1.008670	391.306602	0.153123
1.012224	391.523343	0.152885
1.014218	391.829858	0.152511
1.043088	392.046599	0.151969
1.045689	392.263340	0.151277
1.056093	392.480081	0.150433
1.082752	392.696823	0.149436
1.083792	392.913564	0.148290
1.063982	393.130305	0.146991
1.083792	393.347046	0.145545
1.100394	393.563787	0.143948
1.083142	393.780528	0.142202
1.105163	394.087043	0.140329
1.123586	394.303784	0.138292
1.115913	394.520525	0.136112
1.137674	394.737266	0.133791
1.160215	395.043782	0.131346
1.150938	395.350297	0.128764
1.128441	395.567038	0.126031
1.106723	395.873553	0.123182
1.106160	396.180068	0.120201
1.100351	396.486584	0.117094
1.095106	396.793099	0.113859
1.090858	397.099658	0.110505
1.078157	397.406173	0.107031
1.064806	397.712688	0.103439
1.079327	397.929429	0.099718
1.083835	398.235944	0.095902
1.106983	398.542460	0.091981
1.106810	398.848975	0.087955
1.054185	399.065716	0.083812
1.057046	399.372231	0.079590
1.058390	399.588972	0.075256
1.074689	399.895487	0.070847
1.058000	400.112229	0.066337
1.055833	400.418744	0.061758
1.068707	400.635485	0.057084
1.096927	400.942000	0.052348
1.081105	401.158741	0.047524
1.093199	401.375482	0.042632
1.066236	401.681997	0.037690
1.077333	401.988513	0.032686
1.054575	402.205254	0.027609
1.071134	402.511769	0.022494
1.118037	402.728510	0.017312
1.129524	403.035025	0.012100
1.145260	403.251766	0.006829
1.171139	403.558325	0.001536
1.161342	403.864840	-0.003791
1.184923	404.081581	-0.009164
1.197451	404.388097	-0.014547
1.204127	404.694612	-0.019951
1.175777	404.911353	-0.025390
1.140665	405.217868	-0.030825
1.100438	405.524383	-0.036267
1.089731	405.830899	-0.041713
1.107547	406.137414	-0.047158
1.086176	406.354155	-0.052613
1.033075	406.660670	-0.058042
1.001300	406.967185	-0.063456
0.968659	407.273701	-0.068847
0.959990	407.490442	-0.074229
0.932984	407.796957	-0.079563
0.942087	408.013698	-0.084875
0.917812	408.320213	-0.090128
0.882483	408.536954	-0.095351
0.850925	408.753695	-0.100519
0.822923	409.060211	-0.105608
0.835537	409.276952	-0.110650
0.831982	409.493693	-0.115620
0.839352	409.710434	-0.120508
0.865707	409.927175	-0.125313
0.866357	410.143916	-0.130026
0.866834	410.360657	-0.134640
0.866964	410.577398	-0.139150
0.866964	410.794139	-0.143549
0.866964	411.010880	-0.147828
0.866964	411.227621	-0.151983
0.866964	411.444363	-0.156004
0.866964	411.661104	-0.159887
0.866834	411.877845	-0.163624
0.866357	412.094586	-0.167204
0.865707	412.311327	-0.170625
0.839352	412.528068	-0.173880
0.832026	412.744809	-0.176958
0.836014	412.961550	-0.179855
0.844467	413.178291	-0.182563
0.859378	413.484806	-0.185060
0.873423	413.701548	-0.187369
0.860766	413.918289	-0.189468
0.856474	414.135030	-0.191353
0.831636	414.351771	-0.193014
0.825523	414.568512	-0.194446
0.797694	414.875070	-0.195630
0.793923	415.091812	-0.196587
0.803026	415.308553	-0.197300
0.788721	415.525294	-0.197759
0.776193	415.831809	-0.197946
0.772032	416.048550	-0.197888
0.786207	416.265291	-0.197563
0.774676	416.571806	-0.196954
0.765139	416.788547	-0.196084
0.765183	417.095063	-0.194922
0.762755	417.311804	-0.193496
0.749491	417.618319	-0.191770
0.769908	417.835060	-0.189777
0.802592	418.141575	-0.187479
0.833109	418.448091	-0.184896
0.834843	418.754606	-0.182021
0.840609	419.061121	-0.178861
0.804586	419.277862	-0.175426
0.778751	419.584377	-0.171689
0.778751	419.890893	-0.167665
0.804586	420.197408	-0.163359
0.840609	420.414149	-0.158789
0.834843	420.720664	-0.153923
0.833109	421.027179	-0.148784
0.802592	421.333695	-0.143376
0.769908	421.640253	-0.137703
0.750141	421.856994	-0.131791
0.744852	422.163509	-0.125608
0.777407	422.380251	-0.119200
0.789674	422.686766	-0.112538
0.782912	422.903507	-0.105663
0.799124	423.120248	-0.098569
0.802896	423.426763	-0.091249
0.829988	423.643504	-0.083745
0.830552	423.860245	-0.076054
0.838571	424.076986	-0.068185
0.861979	424.293728	-0.060150
0.838658	424.510469	-0.051963
0.831982	424.727210	-0.043637
0.836057	424.943951	-0.035185
0.844943	425.160692	-0.026622
0.854827	425.467207	-0.017944
0.868872	425.683948	-0.009202
0.870042	425.900689	-0.000393
0.877021	426.117430	0.008467
0.850059	426.334171	0.017361
0.881443	426.550912	0.026271
0.914561	426.857428	0.035199
0.998136	427.074169	0.044094
0.979886	427.380684	0.052971
0.963587	427.597425	0.061781
1.020850	427.903940	0.070538
1.057133	428.120681	0.079189
1.091508	428.337423	0.087736
1.106940	428.554164	0.096159
1.109584	428.860679	0.104456
1.113139	429.077420	0.112579
1.127574	429.383935	0.120540
1.115740	429.600676	0.128291
1.098010	429.817417	0.135828
1.112098	430.123933	0.143152
1.116823	430.340674	0.150216
1.143439	430.647189	0.157031
1.114613	430.863930	0.163548
1.139885	431.080671	0.169772
1.130608	431.297412	0.175684
1.125103	431.514153	0.181272
1.121765	431.730894	0.186520
1.128527	431.947635	0.191413
1.112835	432.164376	0.195941
1.097620	432.470892	0.200105
1.082188	432.687633	0.203863
1.069704	432.994148	0.207236
1.046946	433.210889	0.210182
1.037496	433.517404	0.212722
1.005549	433.823963	0.214832
1.006719	434.130478	0.216507
0.995405	434.436993	0.217739
1.029694	434.743509	0.218521
1.055963	435.050024	0.218849
1.053448	435.266765	0.218706
1.061685	435.573280	0.218115
1.071741	435.790021	0.217049
1.083879	436.006762	0.215522
1.117344	436.313278	0.213547
1.088907	436.530019	0.211100
1.068057	436.746760	0.208193
1.118471	436.963501	0.204832
1.100308	437.180242	0.201023
1.069400	437.486757	0.196788
1.104209	437.703498	0.192102
1.133079	437.920239	0.186988
1.145867	438.136980	0.181456
1.175300	438.353721	0.175516
1.159912	438.660237	0.169195
1.148598	438.966752	0.162489
1.148164	439.183493	0.155395
1.141879	439.490008	0.147960
1.187958	439.706749	0.140167
1.214270	440.013265	0.132065
1.211626	440.319780	0.123654
1.176731	440.536521	0.114937
1.154796	440.843036	0.105963
1.114613	441.149595	0.096733
1.078330	441.456110	0.087272
1.070484	441.762625	0.077600
1.049634	442.069140	0.067733
1.021414	442.375656	0.057700
0.985305	442.682171	0.047518
0.926135	442.988686	0.037213
0.886731	443.295201	0.026808
0.869695	443.601717	0.016326
0.865794	443.908232	0.005791
0.839742	444.124973	-0.004790
0.829728	444.431488	-0.015357
0.815640	444.738003	-0.025904
0.803719	445.044519	-0.036407
0.768694	445.351034	-0.046842
0.767263	445.567775	-0.057197
0.751441	445.874290	-0.067419
0.751138	446.091031	-0.077514
0.729507	446.397590	-0.087425
0.701721	446.704105	-0.097148
0.676492	446.920846	-0.106673
0.625298	447.227361	-0.115945
0.631453	447.444102	-0.124976
0.624518	447.750618	-0.133710
0.597945	447.967359	-0.142158
0.600156	448.184100	-0.150285
0.599896	448.490615	-0.158055
0.633101	448.707356	-0.165479
0.654775	448.924097	-0.172526
0.710304	449.140838	-0.179177
0.782305	449.357579	-0.185415
0.804456	449.574321	-0.191226
0.801769	449.791062	-0.196594
0.794963	450.007803	-0.201510
0.791278	450.224544	-0.205955
0.798127	450.441285	-0.209926
0.791712	450.747800	-0.213388
0.810395	450.964541	-0.216373
0.804933	451.181282	-0.218851
0.784256	451.398023	-0.220821
0.748667	451.704539	-0.222258
0.795396	451.921280	-0.223190
0.832546	452.227795	-0.223587
0.859899	452.534310	-0.223460
0.871863	452.840825	-0.222810
0.897351	453.057566	-0.221656
0.884130	453.364082	-0.219965
0.886428	453.670597	-0.217762
0.888768	453.977112	-0.215049
0.924661	454.283627	-0.211833
0.929733	454.500368	-0.208140
0.934588	454.806884	-0.203944
0.952490	455.023625	-0.199288
0.982574	455.330183	-0.194153
1.009320	455.546924	-0.188584
1.043955	455.763666	-0.182577
1.055659	455.980407	-0.176148
1.082665	456.197148	-0.169313
1.083099	456.413889	-0.162087
1.083575	456.630630	-0.154493
1.083575	456.847371	-0.146544
1.084356	457.064112	-0.138262
1.061771	457.280853	-0.129669
1.067883	457.497594	-0.120782
1.086740	457.714335	-0.111629
1.100221	457.931076	-0.102230
1.100221	458.237592	-0.092592
1.086740	458.454333	-0.082772
1.067883	458.671074	-0.072776
1.061771	458.887815	-0.062632
1.084356	459.104556	-0.052364
1.083575	459.321297	-0.041997
1.083662	459.538038	-0.031556
1.081321	459.754779	-0.021068
1.075383	459.971520	-0.010560
1.061294	460.188261	-0.000055
1.034982	460.405002	0.010418
0.996966	460.621743	0.020835
0.953704	460.838485	0.031171
0.915731	461.055226	0.041397
0.889505	461.271967	0.051492
0.876111	461.488708	0.061430
0.863323	461.705449	0.071186
0.837444	461.922190	0.080737
0.835537	462.138931	0.090059
0.817374	462.355672	0.099130
0.827908	462.662187	0.107944
0.812346	462.878928	0.116448
0.810352	463.095670	0.124637
0.779964	463.402185	0.132508
0.785036	463.618926	0.140008
0.770775	463.925441	0.147157
0.732325	464.231956	0.153916
0.733148	464.448697	0.160256
0.731588	464.755213	0.166194
0.756513	465.061728	0.171703
0.770688	465.278469	0.176748
0.772205	465.584984	0.181357
0.754822	465.891499	0.185498
0.770168	466.198015	0.189166
0.720534	466.504530	0.192352
0.677533	466.721271	0.195032
0.638346	467.027786	0.197233
0.629329	467.334301	0.198938
0.621483	467.640817	0.200142
0.647579	467.947375	0.200846
0.637739	468.253891	0.201046
0.634054	468.470632	0.200728
0.612987	468.777147	0.199927
0.603797	468.993888	0.198617
0.593957	469.300403	0.196832
0.628723	469.517144	0.194545
0.639950	469.823659	0.191798
0.704148	470.040401	0.188568
0.752915	470.346916	0.184893
0.764142	470.563657	0.180755
0.804846	470.870172	0.176196
0.840392	471.086913	0.171200
0.847891	471.303654	0.165792
0.864884	471.520395	0.159988
0.840652	471.826911	0.153824
0.890762	472.043652	0.147282
0.954398	472.260393	0.140393
0.995102	472.477134	0.133177
1.022931	472.783649	0.125673
1.041484	473.000390	0.117864
1.046123	473.217131	0.109788
1.035849	473.433872	0.101467
1.089861	473.650613	0.092920
1.097707	473.867354	0.084172
1.077550	474.084096	0.075242
1.058347	474.390611	0.066173
1.050154	474.607352	0.056953
1.054879	474.824093	0.047624
1.103385	475.040834	0.038205
1.127834	475.257575	0.028723
1.122285	475.474316	0.019201
1.132559	475.691057	0.009664
1.121592	475.997572	0.000149
1.085223	476.214314	-0.009350
1.070094	476.431055	-0.018796
1.044995	476.737570	-0.028149
1.037713	476.954311	-0.037416
1.036543	477.171052	-0.046562
1.025229	477.477567	-0.055548
1.049027	477.694308	-0.064386
0.995188	477.911049	-0.073034
0.955221	478.217565	-0.081459
0.925354	478.434306	-0.089674
0.909012	478.740864	-0.097623
0.893884	479.047380	-0.105310
0.850622	479.264121	-0.112731
0.774242	479.480862	-0.119850
0.730591	479.787377	-0.126637
0.722225	480.004118	-0.133110
0.719754	480.220859	-0.139235
0.760198	480.437600	-0.145003
0.809831	480.654341	-0.150398
0.801899	480.871082	-0.155409
0.795006	481.087823	-0.160025
0.792102	481.304565	-0.164237
0.779314	481.521306	-0.168037
0.794529	481.827821	-0.171398
0.865360	482.044562	-0.174351
0.885734	482.261303	-0.176870
0.907191	482.567818	-0.178935
0.932203	482.874334	-0.180561
0.984785	483.091075	-0.181758
1.101131	483.397590	-0.182499
1.112619	483.704105	-0.182792
1.126273	483.920846	-0.182660
1.149595	484.227361	-0.182070
1.172959	484.533877	-0.181039
1.201092	484.840392	-0.179576
1.259482	485.146907	-0.177682
1.332394	485.363648	-0.175380
1.402488	485.670163	-0.172644
1.478261	485.886905	-0.169516
1.496294	486.103646	-0.165986
1.500325	486.410161	-0.162050
1.514457	486.626902	-0.157748
1.499805	486.933417	-0.153061
1.511942	487.150158	-0.148031
1.518445	487.366899	-0.142659
1.498635	487.583640	-0.136951
1.498288	487.800381	-0.130928
1.480038	488.106940	-0.124584
1.454029	488.323681	-0.117970
1.436256	488.540422	-0.111084
1.390524	488.757163	-0.103942
1.307859	488.973904	-0.096562
1.253197	489.190645	-0.088959
1.223113	489.497161	-0.081136
1.122155	489.713902	-0.073143
1.018076	489.930643	-0.064983
0.925138	490.147384	-0.056671
0.890806	490.364125	-0.048230
0.881356	490.580866	-0.039679
0.861112	490.797607	-0.031032
0.820842	491.014348	-0.022311
0.768911	491.231089	-0.013535
0.720317	491.537605	-0.004707
0.685639	491.754346	0.004123
0.705059	491.971087	0.012952
0.729811	492.187828	0.021760
0.782219	492.404569	0.030530
0.811782	492.621310	0.039245
0.825047	492.927825	0.047900
0.851922	493.144566	0.056448
0.856041	493.361307	0.064884
0.891543	493.667823	0.073212
0.923707	493.884564	0.081383
0.914864	494.191079	0.089409
0.940960	494.407820	0.097245
0.987039	494.714335	0.104909
1.008063	495.020850	0.112367
1.029173	495.237592	0.119592
1.061381	495.544107	0.126603
1.118297	495.850622	0.133369
1.153583	496.157137	0.139879
1.176471	496.373878	0.146105
1.213490	496.680394	0.152069
1.235728	496.986909	0.157746
1.245741	497.293424	0.163123
1.241883	497.599939	0.168194
1.262647	497.906498	0.172948
1.291690	498.213013	0.177382
1.320127	498.519528	0.181488
1.311934	498.826044	0.185260
1.275174	499.132559	0.188691
1.258746	499.439074	0.191777
1.218128	499.745589	0.194518
1.131042	499.962330	0.196889
1.038276	500.268846	0.198926
0.959513	500.575361	0.200610
0.936582	500.881876	0.201939
0.933591	501.188391	0.202913
0.912090	501.494907	0.203535
0.881616	501.801422	0.203803
0.873467	502.018163	0.203706
0.874160	502.324678	0.203279
0.858165	502.631193	0.202509
0.873293	502.937752	0.201399
0.906585	503.154493	0.199939
0.900776	503.371234	0.198151
0.895531	503.677749	0.196057
0.886081	503.894490	0.193630
0.898652	504.111232	0.190894
0.899389	504.327973	0.187860
0.879535	504.544714	0.184531
0.900646	504.761455	0.180919
0.952100	504.978196	0.177034
0.977416	505.194937	0.172884
1.014782	505.411678	0.168480
1.024015	505.628419	0.163831
1.051844	505.934934	0.158968
1.079284	506.151675	0.153866
1.105206	506.458191	0.148571
1.129828	506.674932	0.143062
1.208288	506.981447	0.137385
1.274568	507.287962	0.131533
1.308899	507.594477	0.125523
1.325112	507.811219	0.119347
1.358967	508.117734	0.113054
1.358013	508.334475	0.106625
1.338810	508.640990	0.100103
1.308726	508.947505	0.093487
1.270580	509.164246	0.086774
1.241666	509.470762	0.080010
1.191469	509.777277	0.073193
1.143743	509.994018	0.066319
1.143569	510.300533	0.059433
1.163466	510.607048	0.052535
1.175604	510.913607	0.045637
1.188955	511.220122	0.038751
1.162469	511.526637	0.031891
1.169231	511.743379	0.025055
1.132515	512.049894	0.018285
1.088907	512.356409	0.011580
1.063028	512.573150	0.004934
1.066366	512.879665	-0.001606
1.055789	513.186181	-0.008047
1.051281	513.492696	-0.014376
1.045776	513.799211	-0.020583
1.038276	514.105726	-0.026656
1.036586	514.412242	-0.032585
1.028003	514.718757	-0.038361
0.983224	514.935498	-0.043990
0.959903	515.242013	-0.049428
0.927305	515.548528	-0.054685
0.889072	515.855044	-0.059751
0.868005	516.161602	-0.064621
0.829338	516.378343	-0.069299
0.808921	516.684858	-0.073747
0.780615	516.991374	-0.077978
0.754086	517.297889	-0.081980
0.726950	517.604404	-0.085752
0.705709	517.821145	-0.089302
0.706142	518.127660	-0.092597
0.682821	518.434176	-0.095642
0.669427	518.650917	-0.098456
0.615415	518.957432	-0.101001
0.605921	519.263947	-0.103289
0.585634	519.480688	-0.105338
0.571243	519.787204	-0.107109
0.567905	520.003945	-0.108637
0.577658	520.310460	-0.109887
0.546968	520.527201	-0.110893
0.524383	520.833716	-0.111624
0.514717	521.050457	-0.112108
0.516841	521.356973	-0.112321
0.505614	521.573714	-0.112293
0.541246	521.790455	-0.112012
0.536521	522.096970	-0.111462
0.539512	522.313711	-0.110685
0.517924	522.530452	-0.109663
0.507087	522.836967	-0.108387
0.554164	523.053708	-0.106893
0.561143	523.270450	-0.105172
0.577398	523.487191	-0.103227
0.610256	523.703932	-0.101068
0.616845	524.010490	-0.098682
0.641380	524.227231	-0.096110
0.638129	524.443972	-0.093342
0.629633	524.660714	-0.090389
0.640860	524.877455	-0.087256
0.631540	525.183970	-0.083937
0.626945	525.400711	-0.080472
0.634358	525.617452	-0.076854
0.672938	525.834193	-0.073094
0.742165	526.050934	-0.069200
0.779531	526.267675	-0.065181
0.818111	526.484416	-0.061052
0.844510	526.701157	-0.056819
0.856951	526.917898	-0.052494
0.844423	527.134640	-0.048085
0.864840	527.351381	-0.043607
0.901470	527.568122	-0.039067
0.929733	527.784863	-0.034479
0.985218	528.091378	-0.029837
1.035762	528.308119	-0.025184
1.050457	528.524860	-0.020518
1.084312	528.831375	-0.015828
1.056743	529.048117	-0.011162
1.063375	529.264858	-0.006514
1.045862	529.481599	-0.001893
1.024795	529.698340	0.002688
1.049720	530.004855	0.007235
1.061034	530.221596	0.011705
1.096493	530.528111	0.016120
1.115133	530.744852	0.020438
1.091551	530.961593	0.024665
1.096493	531.268109	0.028806
1.086220	531.484850	0.032823
1.064545	531.701591	0.036719
1.056006	532.008106	0.040502
1.002167	532.224847	0.044133
0.949586	532.441588	0.047619
0.936972	532.748104	0.050966
0.907798	532.964845	0.054138
0.946812	533.271360	0.057160
0.977589	533.577875	0.060007
0.971564	533.794616	0.062658
0.994842	534.101131	0.065138
0.990550	534.317872	0.067412
0.982877	534.534614	0.069491
0.985522	534.841129	0.071385
0.963414	535.057870	0.073060
0.952750	535.274611	0.074527
0.941046	535.491352	0.075784
0.896181	535.708093	0.076829
0.875417	535.924834	0.077659
0.869479	536.141575	0.078278
0.867571	536.358316	0.078679
0.867094	536.575057	0.078866
0.867094	536.791799	0.078838
0.867571	537.008540	0.078598
0.871473	537.225281	0.078144
0.890372	537.442022	0.077480
0.847674	537.658763	0.076610
0.838918	537.875504	0.075535
0.818154	538.092245	0.074261
0.832979	538.398760	0.072806
0.841042	538.615501	0.071145
0.848281	538.832242	0.069297
0.814816	539.138758	0.067285
0.788634	539.355499	0.065085
0.771078	539.662057	0.062732
0.762495	539.968573	0.060217
0.812736	540.185314	0.057536
0.854177	540.402055	0.054708
0.888032	540.708570	0.051760
0.820885	540.925311	0.048669
0.838571	541.231826	0.045474
0.847198	541.538341	0.042170
0.806710	541.844857	0.038765
0.770688	542.151372	0.035268
0.749577	542.368113	0.031676
0.762799	542.674628	0.028029
0.766223	542.891369	0.024305
0.783779	543.197885	0.020550
0.766743	543.414626	0.016738
0.768000	543.721141	0.012914
0.745806	543.937882	0.009057
0.733625	544.244397	0.005209
0.727470	544.461138	0.001350
0.705882	544.767654	-0.002479
0.705189	545.074169	-0.006281
0.690754	545.290910	-0.010064
0.652781	545.597425	-0.013783
0.664051	545.903984	-0.017445
0.661277	546.120725	-0.021056
0.660757	546.427240	-0.024573
0.684468	546.643981	-0.028020
0.675495	546.950496	-0.031353
0.657159	547.167237	-0.034599
0.632927	547.473753	-0.037711
0.607699	547.780268	-0.040701
0.585981	547.997009	-0.043575
0.572630	548.303524	-0.046295
0.573454	548.520265	-0.048886
0.590013	548.826781	-0.051305
0.572630	549.043522	-0.053580
0.588669	549.350037	-0.055675
0.567775	549.566778	-0.057613
0.577312	549.873293	-0.059359
0.545364	550.090034	-0.060941
0.518878	550.396549	-0.062323
0.499458	550.613291	-0.063532
0.488578	550.919806	-0.064533
0.458061	551.136547	-0.065359
0.453249	551.353288	-0.065989
0.440418	551.659803	-0.066409
0.454766	551.876544	-0.066646
0.460141	552.093285	-0.066688
0.499545	552.310026	-0.066533
0.568338	552.526768	-0.066185
0.600763	552.743509	-0.065645
0.622784	552.960250	-0.064914
0.629503	553.176991	-0.063996
0.614938	553.393732	-0.062893
0.621787	553.610473	-0.061610
0.630283	553.827214	-0.060152
0.640557	554.133729	-0.058510
0.629589	554.350470	-0.056717
0.637782	554.567211	-0.054766
0.622480	554.783952	-0.052664
0.608522	555.000694	-0.050417
0.618059	555.307209	-0.048018
0.661234	555.523950	-0.045504
0.689280	555.830465	-0.042853
0.721488	556.047206	-0.040103
0.719667	556.353765	-0.037236
0.704885	556.570506	-0.034290
0.644415	556.877021	-0.031242
0.618016	557.093762	-0.028135
0.591443	557.310503	-0.024963
0.563180	557.617019	-0.021719
0.542330	557.923534	-0.018429
0.553427	558.140275	-0.015121
0.558802	558.357016	-0.011789
0.537128	558.663531	-0.008427
0.500759	558.880272	-0.005077
0.492002	559.097013	-0.001735
0.479431	559.313754	0.001589
0.444406	559.530495	0.004886
0.436213	559.747237	0.008144
0.434696	559.963978	0.011354
0.437080	560.180719	0.014506
0.462092	560.397460	0.017589
0.462092	560.614201	0.020596
0.450431	560.830942	0.023514
0.434392	561.047683	0.026340
0.444493	561.354198	0.029076
0.432659	561.570939	0.031683
0.412502	561.787680	0.034170
0.401665	562.004422	0.036530
0.421952	562.310937	0.038770
0.443756	562.527678	0.040855
0.446877	562.744419	0.042791
0.451515	562.961160	0.044574
0.474316	563.177901	0.046200
0.473536	563.484416	0.047681
0.495904	563.701157	0.048978
0.499025	563.917898	0.050104
0.504703	564.134640	0.051059
0.527288	564.351381	0.051838
0.524947	564.657896	0.052459
0.528935	564.874637	0.052883
0.566084	565.091378	0.053130
0.586848	565.308119	0.053199
0.609779	565.524860	0.053089
0.600373	565.741601	0.052805
0.586371	566.048117	0.052360
0.599853	566.264858	0.051728
0.593394	566.481599	0.050927
0.576661	566.698340	0.049961
0.570289	566.915081	0.048832
0.537735	567.221596	0.047561
0.508388	567.438337	0.046124
0.508171	567.655078	0.044542
0.567125	567.871819	0.042816
0.602280	568.088560	0.040959
0.595431	568.305301	0.038975
0.568772	568.522043	0.036871
0.523343	568.828558	0.034673
0.471455	569.045299	0.032357
0.429971	569.262040	0.029944
0.417703	569.478781	0.027443
0.464173	569.695522	0.024868
0.462005	569.912263	0.022224
0.450041	570.129004	0.019523
0.433656	570.345745	0.016773
0.419567	570.652261	0.014001
0.408817	570.869002	0.011183
0.401621	571.085743	0.008347
0.405653	571.302484	0.005503
0.431748	571.519225	0.002660
0.433482	571.735966	-0.000171
0.436863	571.952707	-0.002981
0.462005	572.169448	-0.005759
0.462005	572.386189	-0.008496
0.450085	572.602930	-0.011182
0.434002	572.819671	-0.013808
0.421085	573.126187	-0.016348
0.434609	573.342928	-0.018825
0.428064	573.559669	-0.021216
0.442715	573.776410	-0.023512
0.450865	573.993151	-0.025703
0.447960	574.299666	-0.027766
0.418050	574.516407	-0.029729
0.385842	574.822966	-0.031549
0.393732	575.039707	-0.033256
0.415016	575.346222	-0.034809
0.445186	575.562963	-0.036234
0.493173	575.779704	-0.037513
0.509992	576.086220	-0.038624
0.516061	576.302961	-0.039593
0.516277	576.609476	-0.040389
0.498765	576.915991	-0.041024
0.496944	577.222506	-0.041494
0.504487	577.529022	-0.041801
0.504010	577.835537	-0.041939
0.509472	578.142052	-0.041912
0.511466	578.448567	-0.041718
0.480168	578.665308	-0.041374
0.461485	578.971824	-0.040853
0.443192	579.278339	-0.040168
0.461875	579.584854	-0.039321
0.480732	579.801595	-0.038338
0.476007	580.108110	-0.037185
0.461225	580.324852	-0.035898
0.448351	580.631367	-0.034454
0.417747	580.848108	-0.032885
0.417487	581.064849	-0.031185
0.411331	581.281590	-0.029360
0.432789	581.498331	-0.027415
0.413109	581.715072	-0.025355
0.424422	581.931813	-0.023194
0.434392	582.148554	-0.020934
0.461052	582.365295	-0.018585
0.500499	582.671854	-0.016140
0.538905	582.888595	-0.013640
0.564134	583.195110	-0.011063
0.573367	583.501626	-0.008432
0.557111	583.808141	-0.005758
0.543977	584.114656	-0.003051
0.495860	584.421171	-0.000321
0.476224	584.727687	0.002423
0.481772	585.034202	0.005170
0.497074	585.340717	0.007911
0.496727	585.557458	0.010618
0.514370	585.863973	0.013316
0.539945	586.170489	0.015976
0.562140	586.477004	0.018590
0.572066	586.693745	0.021132
0.602800	587.000260	0.023625
0.637956	587.306775	0.026043
0.640513	587.613334	0.028375
0.631063	587.919849	0.030615
0.632797	588.226364	0.032756
0.620920	588.443105	0.034770
0.606745	588.749621	0.036682
0.568599	588.966362	0.038456
0.544540	589.183103	0.040099
0.571936	589.399844	0.041600
0.580779	589.616585	0.042961
0.573930	589.833326	0.044173
0.558065	590.050067	0.045229
0.522173	590.356582	0.046143
0.500672	590.663098	0.046892
0.466947	590.969613	0.047478
0.463783	591.276128	0.047894
0.442282	591.492869	0.048122
0.421128	591.799384	0.048193
0.433699	592.016126	0.048073
0.433656	592.322641	0.047797
0.424466	592.539382	0.047328
0.426720	592.756123	0.046687
0.450301	593.062638	0.045889
0.470111	593.279379	0.044902
0.483593	593.496120	0.043748
0.478478	593.802636	0.042445
0.505917	594.019377	0.040964
0.489661	594.236118	0.039326
0.471325	594.542633	0.037549
0.495644	594.759374	0.035612
0.479475	595.065889	0.033547
0.483376	595.282630	0.031328
0.489922	595.499371	0.028982
0.471499	595.805887	0.026529
0.416706	596.022628	0.023946
0.382678	596.329186	0.021271
0.359790	596.545927	0.018482
0.337986	596.852443	0.015619
0.349170	597.158958	0.012674
0.345138	597.465473	0.009658
0.325372	597.771988	0.006579
0.286358	598.078504	0.003447
0.231393	598.385019	0.000271
0.180762	598.691534	-0.002938
0.176731	598.908275	-0.006187
0.172656	599.214790	-0.009433
0.176471	599.431531	-0.012698
0.182063	599.648273	-0.015957
0.174997	599.954788	-0.019183
0.172309	600.171529	-0.022397
0.180545	600.388270	-0.025574
0.224804	600.605011	-0.028707
0.306472	600.821752	-0.031782
0.357796	601.128267	-0.034774
0.395552	601.345008	-0.037709
0.394209	601.561750	-0.040558
0.391521	601.778491	-0.043314
0.337943	601.995232	-0.045972
0.335428	602.211973	-0.048519
0.332741	602.518488	-0.050934
0.357449	602.735229	-0.053241
0.365512	603.041744	-0.055403
0.356886	603.258485	-0.057442
0.331744	603.565001	-0.059324
0.318306	603.781742	-0.061073
0.294811	604.088257	-0.062653
0.294985	604.394816	-0.064076
0.290650	604.701331	-0.065338
0.306645	605.007846	-0.066436
0.308466	605.314361	-0.067366
0.328059	605.620877	-0.068127
0.344618	605.927392	-0.068718
0.334301	606.233907	-0.069135
0.326109	606.540422	-0.069382
0.310417	606.757163	-0.069472
0.266635	606.973904	-0.069392
0.229009	607.280420	-0.069124
0.215137	607.497161	-0.068704
0.230439	607.713902	-0.068118
0.215701	608.020417	-0.067355
0.202870	608.237158	-0.066446
0.222940	608.453899	-0.065380
0.237722	608.670640	-0.064164
0.251940	608.977155	-0.062787
0.235728	609.193897	-0.061285
0.230699	609.410638	-0.059645
0.251940	609.627379	-0.057880
0.237722	609.933894	-0.055975
0.223027	610.150635	-0.053970
0.203303	610.367376	-0.051857
0.218258	610.584117	-0.049644
0.212363	610.890632	-0.047324
0.187438	611.107374	-0.044936
0.181109	611.324115	-0.042472
0.191816	611.630630	-0.039926
0.211626	611.937145	-0.037321
0.165677	612.243704	-0.034666
0.141705	612.550219	-0.031971
0.148901	612.856734	-0.029247
0.143223	613.163249	-0.026499
0.156964	613.379990	-0.023756
0.176167	613.686506	-0.020995
0.191686	613.993021	-0.018238
0.173783	614.209762	-0.015512
0.150938	614.516277	-0.012793
0.154190	614.822792	-0.010107
0.135160	615.129308	-0.007461
0.104252	615.346049	-0.004880
0.109584	615.652564	-0.002340
0.111925	615.959079	0.000135
0.144610	616.175820	0.002521
0.159695	616.392561	0.004828
0.239542	616.609303	0.007049
0.297152	616.915818	0.009193
0.330443	617.132559	0.011222
0.333608	617.439074	0.013163
0.326369	617.655815	0.014979
0.279423	617.962330	0.016696
0.265291	618.179071	0.018279
0.246175	618.485630	0.019756
0.255061	618.702371	0.021091
0.220166	619.008886	0.022313
0.227405	619.225627	0.023390
0.219775	619.442369	0.024331
0.203043	619.659110	0.025141
0.186831	619.965625	0.025830
0.204127	620.182366	0.026370
0.199619	620.399107	0.026776
0.206294	620.705622	0.027062
0.176167	620.922363	0.027201
0.165200	621.139104	0.027210
0.178205	621.445620	0.027104
0.159348	621.662361	0.026857
0.166587	621.968876	0.026504
0.182669	622.275391	0.026031
0.196844	622.492132	0.025429
0.238155	622.798648	0.024730
0.254844	623.105163	0.023925
0.273007	623.411678	0.023022
0.299666	623.718193	0.022022
0.288873	624.024708	0.020934
0.295245	624.331224	0.019763
0.312194	624.637739	0.018516
0.330617	624.944254	0.017199
0.330790	625.160995	0.015803
0.297716	625.467554	0.014368
0.284884	625.774069	0.012884
0.280203	626.080584	0.011360
0.306949	626.387100	0.009803
0.290390	626.603841	0.008204
0.282890	626.910356	0.006603
0.296502	627.127097	0.004976
0.309896	627.433612	0.003362
0.313538	627.650353	0.001737
0.352941	627.867094	0.000125
0.343101	628.083835	-0.001467
0.348606	628.390351	-0.003016
0.336252	628.607092	-0.004546
0.335602	628.823833	-0.006034
0.313321	629.130348	-0.007458
0.277255	629.436863	-0.008828
0.232607	629.743379	-0.010136
0.187741	629.960120	-0.011393
0.167584	630.266635	-0.012562
0.157918	630.573150	-0.013653
0.155187	630.789891	-0.014677
0.141315	631.096406	-0.015597
0.162946	631.313148	-0.016442
0.183103	631.529889	-0.017191
0.188088	631.746630	-0.017842
0.214444	631.963371	-0.018391
0.216134	632.180112	-0.018836
0.216611	632.396853	-0.019174
0.216741	632.613594	-0.019404
0.216741	632.830335	-0.019525
0.216611	633.047076	-0.019536
0.216134	633.263817	-0.019437
0.214574	633.480558	-0.019228
0.188781	633.697299	-0.018910
0.186397	633.914040	-0.018483
0.195154	634.130782	-0.017951
0.206554	634.347523	-0.017314
0.218648	634.654038	-0.016558
0.230179	634.870779	-0.015720
0.215917	635.087520	-0.014787
0.213750	635.304261	-0.013760
0.197364	635.521002	-0.012646
0.207291	635.737743	-0.011449
0.219689	636.044259	-0.010156
0.234124	636.261000	-0.008806
0.245264	636.477741	-0.007387
0.244484	636.694482	-0.005905
0.218345	636.911223	-0.004367
0.189302	637.127964	-0.002778
0.185704	637.344705	-0.001145
0.191729	637.561446	0.000527
