1.804286	0.000000	-0.000643
1.804889	0.280993	-0.004711
1.778362	0.561931	-0.008886
1.752823	0.842924	-0.013161
1.707059	1.123863	-0.017533
1.696153	1.404856	-0.021996
1.719007	1.685794	-0.026542
1.749479	1.966787	-0.031168
1.775074	2.165461	-0.035877
1.829278	2.446399	-0.040645
1.836951	2.727392	-0.045473
1.798586	3.008331	-0.050355
1.796284	3.207004	-0.055295
1.791132	3.487997	-0.060265
1.807629	3.768936	-0.065270
1.808506	4.049929	-0.070302
1.811740	4.330867	-0.075354
1.796997	4.611860	-0.080419
1.774910	4.810534	-0.085497
1.760331	5.091472	-0.090564
1.766141	5.372465	-0.095622
1.788228	5.653403	-0.100661
1.743834	5.934397	-0.105674
1.686561	6.215335	-0.110655
1.634331	6.496328	-0.115594
1.616902	6.777321	-0.120486
1.601228	7.058259	-0.125319
1.584402	7.339252	-0.130089
1.570372	7.620191	-0.134785
1.565932	7.818864	-0.139410
1.597227	8.099858	-0.143939
1.625836	8.380796	-0.148373
1.693906	8.661789	-0.152703
1.699112	8.942727	-0.156921
1.707388	9.141401	-0.161030
1.743615	9.422394	-0.165006
1.755563	9.621068	-0.168856
1.765099	9.902006	-0.172556
1.782911	10.100680	-0.176120
1.800723	10.381673	-0.179519
1.808835	10.580346	-0.182770
1.844843	10.779020	-0.185854
1.875206	11.059958	-0.188737
1.889620	11.258632	-0.191474
1.896416	11.457306	-0.194010
1.884358	11.655979	-0.196363
1.822208	11.854653	-0.198516
1.928806	12.053327	-0.200451
1.943494	12.252000	-0.202202
1.952592	12.532994	-0.203717
1.958183	12.731667	-0.205030
1.972761	13.012606	-0.206107
1.981201	13.211279	-0.206964
1.969034	13.409953	-0.207603
2.017483	13.608627	-0.208004
2.022635	13.807300	-0.208169
2.023950	14.088293	-0.208096
2.006138	14.286967	-0.207785
1.985147	14.567905	-0.207220
1.977749	14.766579	-0.206417
1.969254	15.047572	-0.205377
1.960320	15.246246	-0.204082
1.974625	15.527184	-0.202531
1.978406	15.808177	-0.200742
1.998246	16.006851	-0.198699
1.988491	16.287789	-0.196400
1.996328	16.568782	-0.193864
2.020169	16.849775	-0.191072
1.954949	17.048449	-0.188062
1.900855	17.329387	-0.184777
1.847309	17.528061	-0.181276
1.838156	17.809054	-0.177519
1.873507	18.089992	-0.173529
1.964431	18.288666	-0.169312
2.028335	18.569659	-0.164858
2.006412	18.768333	-0.160187
2.051354	19.049271	-0.155284
2.009482	19.247945	-0.150176
1.945522	19.446618	-0.144853
1.918174	19.645292	-0.139325
1.959827	19.843966	-0.133594
1.936205	20.124959	-0.127658
1.854215	20.323633	-0.121540
1.856736	20.522306	-0.115240
1.868190	20.720980	-0.108764
1.885454	20.919654	-0.102117
1.878055	21.118327	-0.095308
1.886002	21.399266	-0.088336
1.877672	21.597939	-0.081224
1.847857	21.796613	-0.073973
1.821714	21.995287	-0.066592
1.853612	22.276280	-0.059079
1.844898	22.474953	-0.051461
1.824235	22.673627	-0.043737
1.838156	22.872301	-0.035917
1.846377	23.153239	-0.028002
1.833881	23.351913	-0.020020
1.807903	23.550586	-0.011968
1.827250	23.831580	-0.003850
1.837444	24.030253	0.004308
1.825551	24.228927	0.012504
1.825386	24.427601	0.020729
1.867971	24.708539	0.028980
1.857887	24.907213	0.037233
1.852296	25.105886	0.045482
1.856845	25.304560	0.053720
1.879700	25.585553	0.061943
1.888907	25.784227	0.070127
1.935931	25.982900	0.078266
1.960868	26.181574	0.086355
1.975337	26.380248	0.094379
1.958347	26.578921	0.102329
1.970185	26.859860	0.110208
1.999562	27.058533	0.117982
2.085717	27.257207	0.125655
2.226625	27.538200	0.133223
2.240546	27.736874	0.140660
2.111148	28.017812	0.147977
2.072345	28.216486	0.155142
2.049545	28.497479	0.162167
2.050367	28.696153	0.169024
2.086649	28.977091	0.175722
2.078812	29.258084	0.182245
2.079141	29.456758	0.188572
2.074701	29.737696	0.194721
2.078867	29.936370	0.200651
2.050970	30.217363	0.206399
1.990902	30.498356	0.211927
1.941467	30.697029	0.217219
1.953524	30.977968	0.222291
1.944371	31.258961	0.227126
2.001370	31.457635	0.231724
2.049819	31.738573	0.236085
2.033213	31.937247	0.240172
2.041763	32.218240	0.244022
2.023457	32.416913	0.247598
1.985038	32.615587	0.250901
1.968870	32.814261	0.253948
1.988765	33.012934	0.256721
1.986737	33.211608	0.259203
1.986737	33.410282	0.261429
1.986627	33.608955	0.263363
1.986189	33.807629	0.265005
1.987285	34.006303	0.266373
1.967829	34.204976	0.267468
1.928203	34.403650	0.268253
1.924641	34.602324	0.268764
1.957032	34.800997	0.268983
1.968048	35.081936	0.268928
1.987669	35.362929	0.268581
1.987175	35.561603	0.267961
1.978242	35.760276	0.267030
1.968925	36.041215	0.265844
1.946399	36.239888	0.264366
1.944262	36.520881	0.262615
1.953963	36.719555	0.260589
1.929300	37.000493	0.258309
1.929519	37.199167	0.255754
1.903815	37.480160	0.252944
1.874822	37.678834	0.249861
1.864409	37.959772	0.246540
1.858873	38.158446	0.242982
1.848296	38.439439	0.239169
1.833059	38.720377	0.235136
1.815850	38.919051	0.230867
1.807793	39.200044	0.226378
1.767346	39.398718	0.221671
1.690453	39.679656	0.216762
1.663269	39.878329	0.211635
1.673408	40.159323	0.206344
1.690014	40.440261	0.200870
1.691987	40.721254	0.195214
1.706840	41.002247	0.189393
1.700592	41.200921	0.183391
1.705470	41.481859	0.177265
1.694454	41.762852	0.170996
1.679437	42.043790	0.164595
1.669352	42.324784	0.158074
1.667270	42.523457	0.151431
1.686233	42.804395	0.144696
1.688206	43.085389	0.137869
1.676258	43.284062	0.130950
1.630056	43.565001	0.123969
1.550258	43.845994	0.116926
1.508495	44.126932	0.109832
1.491998	44.325606	0.102685
1.447167	44.606599	0.095518
1.417133	44.887537	0.088327
1.401622	45.086211	0.081118
1.468651	45.367204	0.073918
1.532665	45.648142	0.066726
1.535186	45.846816	0.059546
1.493040	46.127809	0.052403
1.502357	46.326483	0.045290
1.566645	46.525156	0.038227
1.588184	46.723830	0.031224
1.572564	46.922504	0.024289
1.575633	47.203442	0.017442
1.580456	47.402116	0.010673
1.587471	47.600789	0.004000
1.593500	47.881782	-0.002558
1.660857	48.162721	-0.009001
1.690453	48.361394	-0.015331
1.497534	48.642387	-0.021519
1.375151	48.841061	-0.027579
1.278636	49.121999	-0.033481
1.271840	49.320673	-0.039238
1.275129	49.601666	-0.044825
1.297874	49.800340	-0.050249
1.294969	50.081333	-0.055490
1.281048	50.280007	-0.060557
1.260824	50.478680	-0.065436
1.279623	50.677354	-0.070121
1.289927	50.876028	-0.074604
1.339033	51.156966	-0.078874
1.386276	51.355640	-0.082943
1.395703	51.554313	-0.086798
1.466294	51.752987	-0.090434
1.504330	52.033980	-0.093837
1.533268	52.232654	-0.097025
1.574482	52.431327	-0.099984
1.613724	52.712266	-0.102701
1.610435	52.910939	-0.105194
1.612627	53.191932	-0.107442
1.596240	53.472871	-0.109450
1.596569	53.671544	-0.111229
1.531843	53.952538	-0.112760
1.465581	54.151211	-0.114059
1.472706	54.432150	-0.115110
1.530911	54.630823	-0.115928
1.567138	54.911816	-0.116499
1.460484	55.110490	-0.116838
1.372410	55.309164	-0.116942
1.364902	55.507837	-0.116809
1.384029	55.706511	-0.116444
1.390387	55.987449	-0.115837
1.428697	56.268442	-0.115003
1.362874	56.467116	-0.113952
1.319193	56.748054	-0.112671
1.328510	57.029047	-0.111169
1.332676	57.227721	-0.109465
1.316289	57.508659	-0.107542
1.312671	57.789653	-0.105413
1.303573	58.070591	-0.103084
1.274964	58.351584	-0.100561
1.281486	58.632522	-0.097848
1.274800	58.913515	-0.094952
1.258413	59.194454	-0.091878
1.236326	59.475447	-0.088634
1.214020	59.674120	-0.085233
1.201414	59.955113	-0.081665
1.208868	60.236052	-0.077947
1.244930	60.517045	-0.074084
1.266579	60.797983	-0.070085
1.261098	61.078976	-0.065956
1.249589	61.359915	-0.061706
1.237367	61.558588	-0.057353
1.231722	61.839581	-0.052884
1.232599	62.120520	-0.048317
1.241204	62.401513	-0.043661
1.261756	62.682451	-0.038922
1.264935	62.963444	-0.034111
1.275896	63.244382	-0.029236
1.269922	63.525375	-0.024304
1.267182	63.806314	-0.019324
1.252274	64.087307	-0.014305
1.238134	64.285980	-0.009264
1.231832	64.566919	-0.004191
1.246301	64.847912	0.000895
1.244711	65.128850	0.005987
1.244108	65.409843	0.011077
1.221309	65.690782	0.016155
1.187767	65.889455	0.021206
1.154280	66.170448	0.026236
1.133892	66.451441	0.031234
1.159651	66.732380	0.036185
1.187000	67.013373	0.041086
1.188918	67.294311	0.045929
1.181136	67.575304	0.050704
1.177792	67.773978	0.055397
1.155431	68.054916	0.060018
1.114491	68.335909	0.064551
1.066371	68.616848	0.068988
1.041708	68.815521	0.073314
1.009043	69.096514	0.077542
0.980927	69.377453	0.081656
0.970624	69.658446	0.085649
0.983613	69.939384	0.089515
0.983394	70.220377	0.093250
0.983448	70.501315	0.096850
0.983613	70.782308	0.100306
0.984380	71.063247	0.103615
0.986956	71.344240	0.106774
0.993697	71.625178	0.109777
0.990518	71.906171	0.112622
0.994465	72.187110	0.115302
0.996986	72.468103	0.117818
1.046750	72.749096	0.120163
1.075140	73.030034	0.122336
1.060616	73.311027	0.124334
1.052011	73.509701	0.126147
1.054533	73.790639	0.127790
1.068344	73.989313	0.129244
1.085279	74.270306	0.130525
1.132139	74.551244	0.131623
1.145237	74.832237	0.132537
1.167489	75.113175	0.133269
1.259180	75.311849	0.133807
1.387044	75.592842	0.134172
1.513154	75.791516	0.134343
1.520498	75.990190	0.134333
1.460759	76.188863	0.134141
1.418667	76.387537	0.133769
1.470295	76.586211	0.133220
1.470240	76.867149	0.132502
1.445413	77.065823	0.131601
1.428532	77.264496	0.130528
1.424970	77.545489	0.129295
1.437192	77.744163	0.127888
1.450784	77.942837	0.126315
1.389784	78.223775	0.124595
1.348953	78.504768	0.122715
1.249589	78.785706	0.120685
1.184479	79.066700	0.118506
1.158884	79.347638	0.116183
1.134221	79.628631	0.113720
1.108298	79.909569	0.111122
1.109777	80.108243	0.108385
1.104955	80.389236	0.105531
1.133180	80.670174	0.102559
1.160474	80.951167	0.099470
1.172147	81.149841	0.096262
1.172805	81.430834	0.092960
1.148306	81.629508	0.089550
1.139263	81.828182	0.086044
1.139044	82.109120	0.082465
1.149238	82.307793	0.078792
1.183931	82.588787	0.075053
1.185520	82.787460	0.071238
1.186068	83.068399	0.067366
1.182451	83.267072	0.063429
1.176367	83.465746	0.059442
1.174230	83.746739	0.055417
1.185685	83.945413	0.051344
1.221747	84.226351	0.047248
1.250411	84.425025	0.043115
1.240107	84.706018	0.038972
1.250630	84.904691	0.034804
1.272005	85.185630	0.030637
1.281980	85.384303	0.026459
1.259619	85.582977	0.022282
1.237586	85.863970	0.018124
1.180916	86.062644	0.013971
1.187110	86.343582	0.009847
1.192261	86.542256	0.005740
1.195330	86.823249	0.001672
1.246246	87.104187	-0.002359
1.260495	87.302861	-0.006359
1.289927	87.583854	-0.010303
1.309767	87.864792	-0.014196
1.314535	88.063466	-0.018043
1.323249	88.344459	-0.021820
1.322372	88.625397	-0.025533
1.334649	88.824071	-0.029186
1.344021	89.105064	-0.032757
1.359805	89.386002	-0.036253
1.374164	89.584676	-0.039678
1.363148	89.865669	-0.043009
1.368738	90.146662	-0.046254
1.373781	90.427601	-0.049408
1.374603	90.708594	-0.052470
1.412584	90.907267	-0.055446
1.453414	91.188206	-0.058316
1.471501	91.469199	-0.061086
1.451441	91.750137	-0.063753
1.450839	92.031130	-0.066317
1.438836	92.312068	-0.068775
1.476378	92.593061	-0.071127
1.499013	92.791735	-0.073378
1.441083	93.072673	-0.075515
1.412474	93.271347	-0.077549
1.420914	93.552340	-0.079463
1.429080	93.833279	-0.081270
1.424477	94.114272	-0.082963
1.453086	94.312945	-0.084557
1.429354	94.511619	-0.086041
1.436863	94.792557	-0.087406
1.430286	95.073550	-0.088661
1.390661	95.272224	-0.089818
1.350104	95.470898	-0.090867
1.368410	95.751836	-0.091803
1.384797	95.950510	-0.092642
1.375480	96.149183	-0.093381
1.370711	96.347857	-0.094016
1.391757	96.546531	-0.094554
1.390606	96.745204	-0.094996
1.390716	96.943878	-0.095343
1.390716	97.142552	-0.095596
1.390606	97.341225	-0.095760
1.391757	97.539899	-0.095839
1.370711	97.738573	-0.095832
1.375425	97.937247	-0.095744
1.384687	98.135920	-0.095576
1.363806	98.334594	-0.095335
1.361230	98.615587	-0.095011
1.344569	98.814261	-0.094629
1.349172	99.012934	-0.094180
1.335800	99.293873	-0.093660
1.325770	99.492546	-0.093091
1.332182	99.773539	-0.092458
1.358215	99.972213	-0.091781
1.330812	100.253151	-0.091048
1.323249	100.451825	-0.090279
1.323907	100.732818	-0.089462
1.327250	100.931492	-0.088615
1.332292	101.130166	-0.087736
1.317659	101.411159	-0.086818
1.318645	101.609832	-0.085882
1.313000	101.890771	-0.084915
1.295626	102.089444	-0.083939
1.267785	102.288118	-0.082946
1.268716	102.569111	-0.081934
1.230571	102.767785	-0.080921
1.224268	103.048723	-0.079896
1.206456	103.247397	-0.078876
1.182341	103.446070	-0.077858
1.160802	103.727063	-0.076836
1.147101	103.925737	-0.075832
1.147758	104.206675	-0.074829
1.162721	104.405349	-0.073849
1.145950	104.686342	-0.072875
1.159377	104.885016	-0.071931
1.139537	105.165954	-0.070999
1.125617	105.364628	-0.070101
1.118382	105.645621	-0.069220
1.118163	105.844295	-0.068377
1.123753	106.125233	-0.067554
1.129508	106.406226	-0.066766
1.114874	106.604900	-0.066021
1.105557	106.885838	-0.065302
1.107366	107.084512	-0.064633
1.086814	107.365505	-0.063991
1.080840	107.646443	-0.063390
1.072125	107.845117	-0.062839
1.058424	108.126110	-0.062323
1.047627	108.407048	-0.061848
1.052121	108.605722	-0.061427
1.047243	108.886715	-0.061040
1.043352	109.167653	-0.060697
1.050641	109.366327	-0.060407
1.029705	109.647320	-0.060153
1.050970	109.928258	-0.059944
1.066700	110.126932	-0.059788
1.046805	110.407925	-0.059664
1.060616	110.606599	-0.059595
1.057328	110.887592	-0.059557
1.057876	111.168530	-0.059560
1.065823	111.367204	-0.059612
1.083032	111.648197	-0.059694
1.112682	111.846871	-0.059821
1.139592	112.127809	-0.059976
1.125671	112.326483	-0.060173
1.118711	112.607476	-0.060396
1.119807	112.806149	-0.060657
1.117231	113.087088	-0.060938
1.098378	113.368081	-0.061246
1.087526	113.566754	-0.061588
1.092459	113.847693	-0.061942
1.115477	114.046366	-0.062325
1.139592	114.327359	-0.062715
1.125671	114.526033	-0.063131
1.118711	114.806971	-0.063549
1.119807	115.005645	-0.063985
1.115477	115.286638	-0.064419
1.092130	115.567576	-0.064859
1.071413	115.766250	-0.065308
1.058205	116.047243	-0.065746
1.058972	116.245917	-0.066187
1.074098	116.526855	-0.066612
1.058259	116.725529	-0.067036
1.074098	117.006522	-0.067437
1.058259	117.205196	-0.067830
1.074098	117.486134	-0.068194
1.058259	117.684808	-0.068545
1.060945	117.965801	-0.068862
1.051463	118.164474	-0.069158
1.034638	118.445413	-0.069413
1.047682	118.644086	-0.069645
1.028719	118.925079	-0.069827
1.002905	119.206018	-0.069972
1.007070	119.487011	-0.070072
1.015784	119.685685	-0.070136
1.084512	119.966678	-0.070143
1.162830	120.247616	-0.070099
1.229804	120.528609	-0.070001
1.316837	120.809547	-0.069848
1.386605	121.090540	-0.069636
1.437904	121.289214	-0.069373
1.425682	121.570152	-0.069039
1.421188	121.768826	-0.068649
1.424203	121.967500	-0.068193
1.443330	122.166173	-0.067669
1.424093	122.364847	-0.067074
1.376466	122.563521	-0.066410
1.300833	122.762194	-0.065671
1.229749	123.043188	-0.064850
1.153787	123.241861	-0.063963
1.094760	123.522800	-0.062991
1.031897	123.721473	-0.061951
0.985367	124.002466	-0.060823
1.000110	124.283405	-0.059619
1.029102	124.564398	-0.058334
1.020059	124.763071	-0.056980
0.922558	125.044010	-0.055539
0.863258	125.325003	-0.054019
0.841719	125.605941	-0.052421
0.846432	125.886934	-0.050744
0.872136	126.167872	-0.048989
0.913132	126.448866	-0.047157
0.937082	126.729804	-0.045248
0.963608	126.928477	-0.043274
0.972926	127.209471	-0.041216
0.998849	127.490409	-0.039087
1.005481	127.689083	-0.036895
1.007508	127.970076	-0.034624
1.062589	128.168749	-0.032295
1.082703	128.449742	-0.029891
1.100241	128.648416	-0.027431
1.153349	128.847090	-0.024911
1.160583	129.128028	-0.022322
1.178889	129.326702	-0.019686
1.173737	129.525375	-0.016994
1.196591	129.806369	-0.014243
1.209745	130.005042	-0.011452
1.196975	130.203716	-0.008615
1.185630	130.402390	-0.005737
1.199003	130.683328	-0.002809
1.191220	130.882002	0.000145
1.177464	131.080675	0.003132
1.200647	131.279349	0.006148
1.214732	131.478023	0.009189
1.205250	131.676696	0.012252
1.186068	131.875370	0.015334
1.170394	132.156363	0.018438
1.137345	132.355037	0.021545
1.138989	132.553710	0.024658
1.137345	132.752384	0.027772
1.170065	132.951058	0.030887
1.185082	133.231996	0.034003
1.202784	133.430670	0.037101
1.193796	133.629343	0.040187
1.174230	133.828017	0.043254
1.179546	134.026691	0.046299
1.154390	134.225364	0.049319
1.090924	134.424038	0.052309
1.017100	134.622712	0.055263
0.981475	134.821386	0.058181
0.937192	135.020059	0.061055
0.933246	135.301052	0.063892
0.955059	135.499726	0.066671
0.972597	135.698400	0.069393
0.963937	135.979338	0.072068
0.948701	136.178012	0.074672
0.930341	136.376685	0.077210
0.926285	136.575359	0.079678
0.915214	136.856352	0.082083
0.931985	137.055026	0.084404
0.926724	137.335964	0.086652
0.928532	137.534638	0.088811
0.910885	137.733311	0.090882
0.908473	137.931985	0.092863
0.852899	138.212978	0.094761
0.819796	138.411652	0.096556
0.810424	138.610326	0.098253
0.779349	138.808999	0.099849
0.742519	139.089938	0.101353
0.722460	139.288611	0.102741
0.734024	139.487285	0.104024
0.747342	139.768278	0.105206
0.725913	139.966952	0.106268
0.743177	140.247890	0.107226
0.736435	140.446564	0.108062
0.725474	140.645237	0.108783
0.713636	140.926230	0.109394
0.686452	141.124904	0.109881
0.721692	141.405842	0.110257
0.746903	141.604516	0.110505
0.781212	141.885509	0.110644
0.810589	142.166447	0.110662
0.818152	142.365121	0.110551
0.849995	142.646114	0.110328
0.841225	142.844788	0.109978
0.834320	143.125726	0.109516
0.853283	143.406719	0.108936
0.871040	143.605393	0.108230
0.903431	143.886386	0.107414
0.909898	144.167324	0.106482
0.927546	144.448317	0.105436
0.958731	144.729256	0.104276
0.971281	144.927929	0.102995
0.971227	145.208923	0.101614
0.971007	145.489861	0.100123
1.002631	145.770854	0.098527
1.069330	145.969528	0.096819
1.091527	146.250466	0.095016
1.083251	146.449140	0.093108
1.069878	146.647813	0.091102
1.054807	146.928806	0.089011
1.014195	147.127480	0.086822
0.939000	147.326154	0.084546
0.842322	147.524827	0.082185
0.775677	147.723501	0.079744
0.770415	148.004439	0.077233
0.803135	148.285432	0.074650
0.773485	148.566371	0.071997
0.667215	148.847364	0.069278
0.683492	149.046037	0.066487
0.721199	149.326976	0.063648
0.777047	149.525649	0.060743
0.833498	149.724323	0.057791
0.891702	150.005316	0.054800
0.965581	150.203990	0.051758
1.013099	150.402664	0.048679
1.098707	150.601337	0.045568
1.176313	150.800011	0.042427
1.206018	150.998685	0.039262
1.236983	151.197358	0.036078
1.296229	151.396032	0.032877
1.321769	151.594706	0.029668
1.362819	151.793379	0.026451
1.381892	151.992053	0.023233
1.363422	152.190727	0.020018
1.326921	152.471665	0.016819
1.275951	152.670339	0.013622
1.232160	152.869012	0.010442
1.228269	153.150005	0.007291
1.195988	153.430944	0.004166
1.164639	153.711937	0.001069
1.112956	153.992875	-0.001994
1.059684	154.191549	-0.005028
1.031404	154.472542	-0.008011
1.033925	154.753535	-0.010949
1.058643	154.952209	-0.013846
0.959060	155.233147	-0.016680
0.883372	155.514140	-0.019458
0.846213	155.795078	-0.022173
0.848460	156.076071	-0.024824
0.844569	156.357010	-0.027405
0.843363	156.638003	-0.029918
0.843363	156.918941	-0.032354
0.844514	157.199934	-0.034713
0.848405	157.480873	-0.036990
0.858051	157.761866	-0.039185
0.849282	158.042804	-0.041293
0.831744	158.323797	-0.043312
0.840677	158.604735	-0.045239
0.868574	158.885728	-0.047073
0.906664	159.166667	-0.048812
0.947769	159.365340	-0.050463
0.950236	159.646333	-0.052005
0.951825	159.927272	-0.053444
0.946509	160.208265	-0.054784
0.973638	160.489258	-0.056017
0.980763	160.770196	-0.057146
1.012770	161.051189	-0.058172
1.038365	161.249863	-0.059097
1.083032	161.530801	-0.059907
1.111367	161.729475	-0.060619
1.112682	162.010468	-0.061214
1.111422	162.209142	-0.061710
1.102872	162.490080	-0.062089
1.111696	162.688754	-0.062368
1.080949	162.969747	-0.062533
1.066261	163.168420	-0.062598
1.048778	163.367094	-0.062558
1.021046	163.565768	-0.062414
0.992546	163.846706	-0.062155
1.007234	164.045380	-0.061805
0.998137	164.244053	-0.061352
0.951387	164.525047	-0.060790
0.965033	164.723720	-0.060139
0.954620	164.922394	-0.059393
0.913789	165.121068	-0.058551
0.855968	165.319741	-0.057617
0.835142	165.518415	-0.056595
0.808177	165.799353	-0.055475
0.813384	165.998027	-0.054280
0.829881	166.196701	-0.053003
0.838430	166.395374	-0.051647
0.803573	166.676367	-0.050206
0.812014	166.875041	-0.048699
0.829552	167.073715	-0.047122
0.838266	167.272388	-0.045478
0.803573	167.553327	-0.043763
0.810534	167.752000	-0.041995
0.811356	167.950674	-0.040170
0.833553	168.149348	-0.038293
0.849885	168.430341	-0.036357
0.882495	168.629015	-0.034383
0.923764	168.909953	-0.032359
0.909076	169.108627	-0.030305
0.943604	169.307300	-0.028217
0.944152	169.588293	-0.026090
0.965033	169.786967	-0.023944
0.989751	169.985641	-0.021777
0.990025	170.266579	-0.019582
1.012880	170.465253	-0.017380
1.019018	170.663926	-0.015169
1.034912	170.944919	-0.012941
1.053162	171.225858	-0.010711
1.077551	171.424531	-0.008491
1.114546	171.623205	-0.006276
1.146443	171.904198	-0.004062
1.168420	172.102872	-0.001869
1.158775	172.383810	0.000315
1.173189	172.664803	0.002479
1.207388	172.863477	0.004610
1.226406	173.144470	0.006721
1.257097	173.343144	0.008792
1.265428	173.624082	0.010836
1.261920	173.905075	0.012841
1.250247	174.186013	0.014805
1.199112	174.467006	0.016723
1.137674	174.747945	0.018591
1.071139	174.946618	0.020399
1.033980	175.227612	0.022162
0.997424	175.508550	0.023868
0.959553	175.789543	0.025512
0.942946	176.070481	0.027092
0.915982	176.269155	0.028599
0.915708	176.550148	0.030046
0.917735	176.831086	0.031421
0.958073	177.112079	0.032726
0.997753	177.393018	0.033956
0.986353	177.591691	0.035100
0.982462	177.872684	0.036175
0.948263	178.071358	0.037160
0.923983	178.270032	0.038065
0.935712	178.550970	0.038895
0.932862	178.749644	0.039634
0.927217	179.030637	0.040296
0.929519	179.229311	0.040864
0.913132	179.427984	0.041345
0.913077	179.626658	0.041740
0.863641	179.907596	0.042057
0.847747	180.106270	0.042278
0.849995	180.304944	0.042411
0.829278	180.503617	0.042457
0.803683	180.784610	0.042426
0.817001	180.983284	0.042298
0.812726	181.181958	0.042084
0.821111	181.462896	0.041796
0.799518	181.661570	0.041413
0.825551	181.860243	0.040948
0.832456	182.141236	0.040409
0.830812	182.339910	0.039780
0.868574	182.620903	0.039083
0.905020	182.819577	0.038298
0.907925	183.100515	0.037446
0.910446	183.381508	0.036521
0.935438	183.662447	0.035525
0.963060	183.861120	0.034448
0.969254	184.142113	0.033315
0.977420	184.423052	0.032117
0.981311	184.704045	0.030856
0.982846	184.902718	0.029528
0.984325	185.183657	0.028150
0.978351	185.464650	0.026719
0.978680	185.663323	0.025229
0.965088	185.944262	0.023700
0.960156	186.142935	0.022116
0.955278	186.341609	0.020492
0.942727	186.622602	0.018837
0.960210	186.821276	0.017140
0.959334	187.019950	0.015411
0.964157	187.218623	0.013654
0.964157	187.417297	0.011874
0.959608	187.615971	0.010072
0.961526	187.814644	0.008254
0.946783	188.013318	0.006423
0.886496	188.294256	0.004591
0.858161	188.492930	0.002744
0.824126	188.691604	0.000896
0.789488	188.890277	-0.000951
0.788337	189.088951	-0.002792
0.773868	189.369944	-0.004615
0.783953	189.568618	-0.006433
0.773046	189.767291	-0.008235
0.745478	189.965965	-0.010016
0.725200	190.164639	-0.011773
0.707443	190.445577	-0.013493
0.667708	190.644251	-0.015190
0.613778	190.842924	-0.016853
0.579360	191.041598	-0.018476
0.592294	191.322591	-0.020049
0.600351	191.521265	-0.021585
0.639318	191.719939	-0.023072
0.721692	191.918612	-0.024508
0.762194	192.117286	-0.025889
0.767840	192.315960	-0.027210
0.770032	192.514633	-0.028473
0.768333	192.795572	-0.029661
0.746355	192.994245	-0.030790
0.751891	193.192919	-0.031852
0.758906	193.391593	-0.032843
0.819303	193.590266	-0.033757
0.862052	193.871259	-0.034587
0.902170	194.069933	-0.035348
0.932150	194.350871	-0.036019
0.958073	194.549545	-0.036618
0.958292	194.748219	-0.037131
0.959498	195.029212	-0.037550
0.952318	195.227886	-0.037891
0.980379	195.508824	-0.038136
0.948537	195.789817	-0.038289
0.917955	196.070810	-0.038355
0.897950	196.351748	-0.038328
0.921901	196.632741	-0.038209
0.966458	196.831415	-0.038006
0.985093	197.112353	-0.037704
0.991889	197.393346	-0.037308
0.997369	197.674285	-0.036820
0.989093	197.872958	-0.036249
0.960649	198.153952	-0.035576
0.938397	198.434890	-0.034813
0.890113	198.633564	-0.033969
0.871479	198.832237	-0.033033
0.843966	199.113230	-0.032000
0.813877	199.311904	-0.030890
0.803299	199.592842	-0.029683
0.795243	199.791516	-0.028402
0.767401	199.990190	-0.027037
0.700976	200.188863	-0.025592
0.611312	200.387537	-0.024068
0.617286	200.586211	-0.022468
0.622109	200.784884	-0.020793
0.620903	201.065877	-0.019036
0.619697	201.264551	-0.017221
0.616354	201.545489	-0.015329
0.604242	201.744163	-0.013383
0.570481	201.942837	-0.011376
0.570152	202.141510	-0.009312
0.576181	202.340184	-0.007194
0.593500	202.538858	-0.005026
0.635920	202.737532	-0.002810
0.682725	202.936205	-0.000551
0.718842	203.217198	0.001757
0.779623	203.415872	0.004092
0.816398	203.614546	0.006459
0.852351	203.813219	0.008853
0.843582	204.094158	0.011281
0.848296	204.292831	0.013719
0.845884	204.573824	0.016181
0.815357	204.772498	0.018646
0.771566	205.053436	0.021127
0.757700	205.334429	0.023608
0.743286	205.615368	0.026090
0.774526	205.814041	0.028555
0.782418	206.095035	0.031018
0.781048	206.375973	0.033467
0.765538	206.574646	0.035884
0.755179	206.855640	0.038287
0.745369	207.054313	0.040652
0.729091	207.335306	0.042993
0.736107	207.533980	0.045287
0.719884	207.732654	0.047538
0.741204	208.013592	0.049751
0.753754	208.212266	0.051904
0.739779	208.410939	0.054001
0.743505	208.691932	0.056046
0.783131	208.890606	0.058020
0.793818	209.089280	0.059925
0.798805	209.287954	0.061757
0.812945	209.486627	0.063514
0.811246	209.767565	0.065198
0.798257	209.966239	0.066791
0.781815	210.164913	0.068297
0.782966	210.363587	0.069711
0.805546	210.562260	0.071030
0.796997	210.760934	0.072252
0.795243	210.959608	0.073373
0.794804	211.158281	0.074389
0.794804	211.356955	0.075299
0.795243	211.555629	0.076100
0.796997	211.754302	0.076788
0.802368	211.952976	0.077363
0.815247	212.151650	0.077819
0.839362	212.350323	0.078159
0.874219	212.548997	0.078376
0.913844	212.747671	0.078472
0.955442	212.946344	0.078443
0.968157	213.145018	0.078290
0.959936	213.343692	0.078011
0.962074	213.542365	0.077604
0.950510	213.741039	0.077069
0.913406	214.022032	0.076416
0.888304	214.220706	0.075622
0.893346	214.419380	0.074703
0.932807	214.618053	0.073652
0.976762	214.816727	0.072475
0.985695	215.015401	0.071169
0.991067	215.214074	0.069734
0.992820	215.412748	0.068174
0.992820	215.611422	0.066490
0.992492	215.810095	0.064680
0.968157	216.008769	0.062750
0.959936	216.207443	0.060697
0.962074	216.406116	0.058528
0.946509	216.604790	0.056241
0.894278	216.885728	0.053849
0.838704	217.084402	0.051337
0.793873	217.283076	0.048717
0.776718	217.481749	0.045991
0.795517	217.680423	0.043163
0.794695	217.879097	0.040236
0.794695	218.077770	0.037215
0.794695	218.276444	0.034100
0.794695	218.475118	0.030898
0.794695	218.673792	0.027613
0.794695	218.872465	0.024249
0.794695	219.071139	0.020810
0.794695	219.269813	0.017300
0.794695	219.468486	0.013725
0.794695	219.667160	0.010089
0.794695	219.865834	0.006397
0.794695	220.064507	0.002656
0.794695	220.263181	-0.001131
0.794695	220.461855	-0.004958
0.794695	220.660528	-0.008820
0.794695	220.859202	-0.012709
0.794695	221.057876	-0.016622
0.794695	221.256549	-0.020552
0.794695	221.455223	-0.024493
0.794585	221.653897	-0.028442
0.795078	221.852570	-0.032388
0.774526	222.051244	-0.036328
0.780390	222.249918	-0.040256
0.798422	222.448591	-0.044164
0.812945	222.647265	-0.048049
0.821660	222.928258	-0.051893
0.809876	223.126932	-0.055711
0.818207	223.325606	-0.059484
0.826647	223.524279	-0.063208
0.796010	223.722953	-0.066877
0.816343	224.003891	-0.070475
0.846980	224.202565	-0.074015
0.858654	224.401239	-0.077482
0.880357	224.682232	-0.080861
0.875370	224.880905	-0.084163
0.920640	225.079579	-0.087376
0.928971	225.360517	-0.090484
0.923709	225.559191	-0.093498
0.913132	225.840184	-0.096397
0.885893	226.038858	-0.099193
0.898334	226.319796	-0.101862
0.880960	226.518470	-0.104416
0.896690	226.799463	-0.106836
0.881125	226.998137	-0.109133
0.899540	227.279075	-0.111282
0.904198	227.477749	-0.113302
0.913789	227.758742	-0.115167
0.892415	227.957415	-0.116891
0.894004	228.238354	-0.118455
0.886002	228.519347	-0.119862
0.887153	228.800285	-0.121108
0.878220	228.998959	-0.122203
0.860846	229.279952	-0.123120
0.842541	229.560890	-0.123870
0.844678	229.841883	-0.124450
0.849282	230.122876	-0.124857
0.844514	230.403815	-0.125089
0.843308	230.684808	-0.125144
0.842979	230.965746	-0.125022
0.842924	231.246739	-0.124719
0.842924	231.527677	-0.124237
0.842924	231.808670	-0.123575
0.843144	232.089609	-0.122730
0.855804	232.370602	-0.121706
0.849063	232.651540	-0.120500
0.829716	232.932533	-0.119114
0.801546	233.213471	-0.117548
0.770744	233.412145	-0.115813
0.747123	233.693138	-0.113890
0.760989	233.974077	-0.111793
0.779513	234.255070	-0.109522
0.814864	234.536008	-0.107078
0.838376	234.817001	-0.104466
0.838869	235.015675	-0.101696
0.829387	235.296613	-0.098753
0.837499	235.577606	-0.095649
0.841116	235.776280	-0.092400
0.876685	236.057273	-0.088986
0.872410	236.338211	-0.085424
0.889126	236.536885	-0.081727
0.897731	236.817878	-0.077881
0.898443	237.016552	-0.073907
0.902499	237.297490	-0.069795
0.896744	237.496164	-0.065567
0.887263	237.777157	-0.061210
0.876685	237.975830	-0.056749
0.858873	238.174504	-0.052180
0.831360	238.373178	-0.047509
0.804012	238.654116	-0.042732
0.818371	238.852790	-0.037877
0.829990	239.051463	-0.032940
0.814315	239.332456	-0.027916
0.786200	239.531130	-0.022835
0.787131	239.729804	-0.017692
0.765866	239.928477	-0.012496
0.740875	240.209416	-0.007244
0.753261	240.408089	-0.001962
0.747287	240.606763	0.003351
0.752110	240.887756	0.008697
0.719555	241.086430	0.014049
0.724981	241.285104	0.019410
0.714513	241.566042	0.024778
0.711882	241.764716	0.030130
0.741916	242.045709	0.035474
0.739998	242.244382	0.040783
0.735997	242.525321	0.046071
0.736490	242.723994	0.051308
0.725474	242.922668	0.056495
0.711389	243.203661	0.061635
0.701798	243.402335	0.066702
0.703058	243.683273	0.071705
0.718404	243.881947	0.076617
0.702346	244.162940	0.081450
0.699003	244.361614	0.086178
0.703113	244.642552	0.090810
0.709525	244.841225	0.095321
0.695605	245.122219	0.099724
0.702949	245.403157	0.103999
0.709964	245.601831	0.108131
0.755508	245.882824	0.112133
0.763729	246.163762	0.115986
0.766469	246.444755	0.119686
0.773211	246.725748	0.123226
0.757865	246.924422	0.126591
0.741642	247.205360	0.129791
0.738354	247.486353	0.132814
0.754850	247.767291	0.135654
0.766250	248.048285	0.138303
0.761920	248.329223	0.140759
0.761098	248.610216	0.143016
0.755618	248.891154	0.145068
0.779678	249.089828	0.146906
0.807245	249.370821	0.148543
0.807574	249.651759	0.149962
0.787844	249.850433	0.151155
0.780993	250.131426	0.152135
0.781651	250.412364	0.152892
0.776061	250.611038	0.153414
0.742354	250.892031	0.153717
0.733421	251.172969	0.153792
0.715061	251.371643	0.153624
0.702729	251.652636	0.153235
0.702675	251.851310	0.152604
0.701798	252.132248	0.151750
0.711334	252.330922	0.150654
0.724049	252.611915	0.149333
0.717746	252.810589	0.147773
0.734956	253.009262	0.145983
0.723501	253.290201	0.143974
0.677299	253.488874	0.141728
0.667818	253.687548	0.139257
0.663981	253.886222	0.136566
0.643867	254.167215	0.133665
0.619752	254.365888	0.130539
0.623918	254.564562	0.127200
0.631481	254.763236	0.123655
0.622109	254.961909	0.119905
0.636852	255.242848	0.115966
0.654280	255.441521	0.111824
0.671270	255.640195	0.107493
0.678998	255.838869	0.102980
0.679875	256.037542	0.098289
0.717637	256.236216	0.093429
0.750685	256.434890	0.088404
0.774800	256.633564	0.083222
0.792119	256.832237	0.077889
0.774526	257.030911	0.072413
0.780061	257.229585	0.066804
0.796613	257.428258	0.061066
0.789159	257.626932	0.055209
0.784939	257.907925	0.049251
0.778253	258.106599	0.043181
0.752274	258.305272	0.037017
0.741368	258.503946	0.030770
0.695440	258.784939	0.024455
0.698235	258.983613	0.018065
0.680533	259.264551	0.011627
0.644306	259.463225	0.005133
0.607530	259.744218	-0.001390
0.578867	259.942892	-0.007950
0.558862	260.223830	-0.014520
0.525595	260.504823	-0.021098
0.520169	260.703497	-0.027683
0.537433	260.984435	-0.034248
0.569330	261.183109	-0.040800
0.590266	261.381782	-0.047321
0.597227	261.580456	-0.053800
0.622986	261.861449	-0.060219
0.628302	262.060123	-0.066587
0.648032	262.258796	-0.072882
0.697084	262.457470	-0.079096
0.754960	262.656144	-0.085218
0.774581	262.854817	-0.091241
0.792064	263.053491	-0.097154
0.776828	263.252165	-0.102948
0.795188	263.450839	-0.108611
0.811356	263.649512	-0.114138
0.772827	263.848186	-0.119519
0.769429	264.129124	-0.124733
0.802751	264.327798	-0.129795
0.837499	264.526472	-0.134683
0.859969	264.807465	-0.139383
0.912090	265.006138	-0.143904
0.931875	265.204812	-0.148229
0.934561	265.403486	-0.152352
0.972432	265.684424	-0.156255
1.003398	265.883098	-0.159952
1.029212	266.081771	-0.163426
1.110435	266.362764	-0.166663
1.154993	266.561438	-0.169673
1.179601	266.760112	-0.172445
1.234353	266.958785	-0.174970
1.251178	267.239724	-0.177238
1.232489	267.438397	-0.179261
1.227612	267.637071	-0.181028
1.225145	267.835745	-0.182533
1.198893	268.034419	-0.183774
1.186671	268.315412	-0.184741
1.182122	268.514085	-0.185434
1.146882	268.712759	-0.185872
1.106489	268.911433	-0.186036
1.045873	269.110106	-0.185927
1.016004	269.308780	-0.185544
1.005645	269.589718	-0.184868
0.978077	269.788392	-0.183938
0.936479	269.987066	-0.182734
0.903047	270.185739	-0.181248
0.891647	270.384413	-0.179499
0.958950	270.665406	-0.177470
0.969144	270.946344	-0.175174
0.883975	271.227337	-0.172616
0.810808	271.508276	-0.169797
0.785652	271.706949	-0.166732
0.801326	271.987943	-0.163404
0.810095	272.186616	-0.159837
0.753206	272.467555	-0.156018
0.745917	272.666228	-0.151969
0.809547	272.864902	-0.147689
0.833717	273.063576	-0.143184
0.786200	273.344569	-0.138447
0.768223	273.543242	-0.133508
0.763017	273.741916	-0.128362
0.770032	273.940590	-0.123018
0.800614	274.139263	-0.117484
0.820947	274.337937	-0.111768
0.820509	274.536611	-0.105876
0.807355	274.735284	-0.099820
0.809821	274.933958	-0.093607
0.795298	275.214951	-0.087240
0.765647	275.413625	-0.080742
0.761427	275.612299	-0.074119
0.750575	275.893237	-0.067368
0.754302	276.091911	-0.060518
0.758084	276.290584	-0.053572
0.749753	276.571577	-0.046531
0.754138	276.770251	-0.039424
0.758029	276.968925	-0.032252
0.749699	277.249863	-0.025017
0.753754	277.448537	-0.017750
0.739450	277.647210	-0.010451
0.758961	277.928203	-0.003124
0.774362	278.126877	0.004203
0.761701	278.325551	0.011526
0.773485	278.524224	0.018835
0.781432	278.805163	0.026126
0.763619	279.003836	0.033372
0.741916	279.202510	0.040566
0.737970	279.483503	0.047711
0.761098	279.682177	0.054776
0.761427	279.880851	0.061755
0.769319	280.079524	0.068643
0.793544	280.278198	0.075425
0.794147	280.476872	0.082091
0.794585	280.675545	0.088630
0.794695	280.874219	0.095032
0.795517	281.072893	0.101287
0.776609	281.271566	0.107385
0.792502	281.470240	0.113315
0.831854	281.668914	0.119068
0.866711	281.867587	0.124635
0.878713	282.148526	0.130016
0.903102	282.347199	0.135183
0.921791	282.545873	0.140138
0.914118	282.744547	0.144871
0.908912	283.025540	0.149387
0.932424	283.224214	0.153657
0.930286	283.422887	0.157682
0.934506	283.703825	0.161468
0.897841	283.902499	0.164989
0.863696	284.101173	0.168246
0.852296	284.382166	0.171246
0.818755	284.580840	0.173965
0.810534	284.861778	0.176415
0.826373	285.142771	0.178583
0.814261	285.341445	0.180457
0.804889	285.622383	0.182049
0.772608	285.903376	0.183354
0.735504	286.102050	0.184358
0.720267	286.382988	0.185069
0.699222	286.663981	0.185471
0.676422	286.944919	0.185598
0.699222	287.225913	0.185416
0.720213	287.506851	0.184941
0.735504	287.787844	0.184157
0.769429	287.986518	0.183062
0.792064	288.267511	0.181694
0.826154	288.548449	0.180026
0.825496	288.747123	0.178057
0.822756	289.028116	0.175809
0.816508	289.226789	0.173268
0.795736	289.507728	0.170452
0.815412	289.706401	0.167350
0.825222	289.987394	0.163986
0.847473	290.186068	0.160344
0.825112	290.467006	0.156449
0.835306	290.665680	0.152288
0.830922	290.864354	0.147880
0.839472	291.063028	0.143229
0.827305	291.344021	0.138352
0.835032	291.542694	0.133238
0.839362	291.741368	0.127906
0.835087	291.940042	0.122361
0.805546	292.138715	0.116616
0.796997	292.337389	0.110678
0.795243	292.536063	0.104557
0.794804	292.734736	0.098262
0.794695	292.933410	0.091803
0.794695	293.132084	0.085192
0.794804	293.330757	0.078438
0.795243	293.529431	0.071554
0.798805	293.728105	0.064549
0.816179	293.926778	0.057435
0.777266	294.125452	0.050224
0.770196	294.324126	0.042927
0.755289	294.522800	0.035556
0.785432	294.803738	0.028134
0.765647	295.002411	0.020651
0.761427	295.201085	0.013133
0.750521	295.482078	0.005598
0.753919	295.680752	-0.001958
0.739395	295.879426	-0.009514
0.737806	296.160364	-0.017049
0.764716	296.359038	-0.024568
0.785049	296.557711	-0.032051
0.788995	296.756385	-0.039483
0.800614	296.955059	-0.046854
0.787734	297.153732	-0.054150
0.774087	297.434725	-0.061350
0.766360	297.633399	-0.068463
0.764058	297.832073	-0.075464
0.790968	298.030746	-0.082344
0.780555	298.229420	-0.089090
0.769758	298.428094	-0.095693
0.764716	298.626768	-0.102137
0.739724	298.907706	-0.108409
0.728105	299.106379	-0.114512
0.732763	299.305053	-0.120425
0.748657	299.503727	-0.126144
0.764058	299.702401	-0.131654
0.747726	299.901074	-0.136947
0.714622	300.099748	-0.142016
0.682232	300.298422	-0.146849
0.624246	300.497095	-0.151440
0.608791	300.695769	-0.155781
0.631207	300.894443	-0.159864
0.652362	301.093116	-0.163681
0.704593	301.374109	-0.167219
0.751836	301.572783	-0.170487
0.743834	301.771457	-0.173472
0.767127	302.052395	-0.176158
0.786583	302.251069	-0.178559
0.791735	302.449742	-0.180663
0.810095	302.648416	-0.182460
0.780938	302.929409	-0.183956
0.795681	303.128083	-0.185142
0.842102	303.326757	-0.186018
0.854489	303.607695	-0.186565
0.833443	303.888688	-0.186803
0.783459	304.169626	-0.186730
0.753425	304.450619	-0.186346
0.742464	304.731558	-0.185635
0.747342	305.012551	-0.184613
0.736929	305.293544	-0.183281
0.714403	305.492217	-0.181655
0.712266	305.773156	-0.179705
0.720048	305.971829	-0.177455
0.716869	306.252823	-0.174895
0.750521	306.533761	-0.172034
0.751781	306.732435	-0.168889
0.785542	306.931108	-0.165455
0.795352	307.212101	-0.161725
0.810589	307.410775	-0.157726
0.826154	307.691713	-0.153443
0.855914	307.890387	-0.148906
0.877672	308.089061	-0.144109
0.917516	308.287734	-0.139062
0.940206	308.568727	-0.133760
0.959772	308.767401	-0.128233
0.959608	308.966075	-0.122480
0.968157	309.164748	-0.116510
0.992327	309.363422	-0.110334
0.992272	309.562096	-0.103958
0.992327	309.760769	-0.097395
0.968157	309.959443	-0.090657
0.959936	310.158117	-0.083751
0.962074	310.356791	-0.076692
0.946509	310.555464	-0.069486
0.894278	310.836402	-0.062142
0.838704	311.035076	-0.054687
0.793873	311.233750	-0.047124
0.776718	311.432424	-0.039466
0.795517	311.631097	-0.031722
0.794695	311.829771	-0.023911
0.794695	312.028445	-0.016041
0.794695	312.227118	-0.008126
0.794695	312.425792	-0.000178
0.794695	312.624466	0.007788
0.794695	312.823139	0.015760
0.794695	313.021813	0.023725
0.794695	313.220487	0.031671
0.794695	313.419160	0.039585
0.794695	313.617834	0.047451
0.793708	313.816508	0.055258
0.769429	314.015181	0.062994
0.762688	314.213855	0.070645
0.766415	314.412529	0.078201
0.742738	314.611202	0.085645
0.693029	314.892196	0.092978
0.648526	315.090869	0.100169
0.629837	315.289543	0.107212
0.659542	315.488217	0.114100
0.722021	315.686890	0.120818
0.750027	315.885564	0.127357
0.774142	316.084238	0.133707
0.787022	316.282911	0.139854
0.792393	316.481585	0.145791
0.794147	316.680259	0.151506
0.795407	316.878932	0.156992
0.776225	317.077606	0.162238
0.789104	317.276280	0.167237
0.816124	317.474953	0.171978
0.828401	317.673627	0.176455
0.861065	317.954565	0.180670
0.893730	318.153239	0.184595
0.905294	318.351913	0.188244
0.925956	318.632906	0.191601
0.914283	318.831580	0.194648
0.930779	319.030253	0.197403
0.963773	319.311191	0.199867
0.970076	319.509865	0.202001
0.997972	319.790858	0.203826
1.012660	320.071797	0.205340
1.019073	320.270470	0.206526
1.008714	320.551463	0.207384
1.027348	320.832402	0.207931
1.022635	321.113395	0.208169
1.007125	321.394333	0.208059
0.987943	321.675326	0.207639
0.972926	321.874000	0.206873
0.962458	322.154938	0.205797
0.921955	322.353612	0.204410
0.885619	322.634605	0.202695
0.882878	322.833279	0.200651
0.868848	323.031952	0.198298
0.852242	323.312945	0.195652
0.826318	323.511619	0.192696
0.792174	323.710293	0.189430
0.774745	323.908966	0.185872
0.767840	324.107640	0.182026
0.762688	324.306314	0.177899
0.766305	324.504987	0.173494
0.751726	324.703661	0.168823
0.714732	324.984599	0.163900
0.693741	325.183273	0.158715
0.722515	325.381947	0.153286
0.744985	325.580620	0.147623
0.764716	325.779294	0.141733
0.739669	325.977968	0.135626
0.721802	326.258961	0.129324
0.751891	326.457635	0.122816
0.757536	326.656308	0.116121
0.717966	326.937247	0.109264
0.720103	327.218240	0.102241
0.694234	327.416913	0.095060
0.705689	327.697852	0.087749
0.746903	327.896525	0.080299
0.758468	328.177518	0.072743
0.772114	328.376192	0.065074
0.797216	328.657130	0.057325
0.801272	328.938123	0.049498
0.796229	329.136797	0.041597
0.788392	329.417735	0.033653
0.801600	329.698728	0.025668
0.794092	329.979667	0.017659
0.791461	330.178340	0.009627
0.820892	330.459334	0.001604
0.842267	330.740272	-0.006405
0.841280	330.938946	-0.014398
0.842322	331.219939	-0.022342
0.866436	331.500877	-0.030234
0.878494	331.781870	-0.038059
0.852296	331.980544	-0.045818
0.849995	332.261482	-0.053477
0.854105	332.542475	-0.061033
0.835306	332.823468	-0.068474
0.815686	333.022142	-0.075796
0.811904	333.303080	-0.082970
0.835416	333.584073	-0.089995
0.854434	333.782747	-0.096866
0.839581	334.063685	-0.103555
0.852735	334.262359	-0.110071
0.842212	334.543352	-0.116382
0.803519	334.824290	-0.122489
0.806588	335.022964	-0.128392
0.786364	335.303957	-0.134062
0.790420	335.502631	-0.139509
0.796997	335.701304	-0.144714
0.796613	335.982243	-0.149661
0.827853	336.180916	-0.154359
0.857174	336.379590	-0.158793
0.863038	336.578264	-0.162957
0.901951	336.776937	-0.166841
0.904417	336.975611	-0.170443
0.890223	337.256604	-0.173746
0.858544	337.537542	-0.176753
0.833827	337.736216	-0.179471
0.798476	337.934890	-0.181885
0.812890	338.133564	-0.183993
0.800669	338.332237	-0.185799
0.812562	338.530911	-0.187277
0.804231	338.811904	-0.188445
0.823413	339.010578	-0.189302
0.836841	339.209251	-0.189831
0.866327	339.407925	-0.190069
0.866436	339.688863	-0.189959
0.901841	339.887537	-0.189539
0.927875	340.168530	-0.188810
0.899266	340.367204	-0.187770
0.913077	340.648142	-0.186419
0.928916	340.929135	-0.184741
0.973145	341.210073	-0.182770
1.024718	341.408747	-0.180508
1.070098	341.689740	-0.177935
1.096405	341.970679	-0.175070
1.094267	342.251672	-0.171916
1.059794	342.450345	-0.168491
1.041708	342.731284	-0.164780
1.009043	342.929957	-0.160807
0.999616	343.210950	-0.156565
1.016058	343.491943	-0.152068
0.994410	343.690617	-0.147331
1.000000	343.971555	-0.142348
0.993752	344.170229	-0.137142
0.950455	344.368903	-0.131716
0.941960	344.649896	-0.126067
0.924477	344.848570	-0.120227
0.923545	345.047243	-0.114193
0.925244	345.328182	-0.107967
0.868135	345.526855	-0.101579
0.826208	345.725529	-0.095031
0.813767	345.924203	-0.088333
0.752658	346.122876	-0.081496
0.743725	346.403869	-0.074522
0.764058	346.602543	-0.067441
0.781651	346.801217	-0.060259
0.773978	347.082155	-0.052974
0.763893	347.280829	-0.045620
0.783679	347.479502	-0.038198
0.769539	347.678176	-0.030723
0.775567	347.959169	-0.023194
0.772991	348.157843	-0.015645
0.782034	348.356516	-0.008079
0.772991	348.555190	-0.000507
0.772991	348.753864	0.007057
0.775677	349.034802	0.014611
0.772827	349.233476	0.022123
0.782089	349.432150	0.029591
0.787570	349.630823	0.037003
0.774800	349.829497	0.044347
0.789543	350.110490	0.051618
0.806423	350.309164	0.058789
0.815686	350.507837	0.065855
0.797161	350.706511	0.072807
0.764442	350.905185	0.079631
0.761044	351.103858	0.086320
0.735997	351.302532	0.092859
0.732544	351.583470	0.099249
0.717692	351.782144	0.105462
0.724049	351.980818	0.111498
0.711334	352.261811	0.117353
0.701798	352.460484	0.123004
0.703113	352.741423	0.128457
0.718678	352.940096	0.133687
0.702839	353.221090	0.138702
0.718459	353.419763	0.143481
0.701688	353.700702	0.148030
0.715116	353.899375	0.152325
0.694399	354.180368	0.156379
0.681848	354.379042	0.160169
0.675436	354.659980	0.163703
0.675381	354.858654	0.166962
0.680478	355.139647	0.169956
0.686233	355.420585	0.172675
0.672093	355.619259	0.175105
0.685794	355.900252	0.177260
0.663598	356.098926	0.179119
0.633454	356.379864	0.180697
0.617560	356.660857	0.181987
0.576236	356.859531	0.182971
0.570152	357.140524	0.183682
0.570152	357.421462	0.184084
0.576236	357.702455	0.184212
0.617560	357.901129	0.184011
0.633399	358.182067	0.183555
0.661131	358.463060	0.182788
0.669681	358.661734	0.181736
0.664913	358.942672	0.180402
0.705799	359.141346	0.178776
0.720980	359.422339	0.176879
0.716815	359.621013	0.174696
0.732435	359.819687	0.172242
0.735942	360.100625	0.169529
0.760824	360.299298	0.166546
0.761372	360.497972	0.163304
0.769264	360.696646	0.159811
0.793325	360.895320	0.156074
0.794201	361.093993	0.152099
0.774416	361.292667	0.147893
0.780061	361.491341	0.143461
0.794859	361.690014	0.138814
0.788282	361.888688	0.133958
0.791406	362.169681	0.128912
0.786419	362.368355	0.123664
0.757481	362.567028	0.118234
0.747890	362.847967	0.112640
0.760879	363.046640	0.106870
0.726406	363.327633	0.100957
0.702236	363.526307	0.094888
0.703332	363.807245	0.088696
0.670503	364.088239	0.082375
0.669352	364.286912	0.075933
0.662830	364.567850	0.069395
0.673737	364.848844	0.062764
0.674668	365.047517	0.056041
0.634112	365.328456	0.049253
0.624740	365.609449	0.042406
0.624794	365.890387	0.035507
0.616902	366.171380	0.028568
0.613340	366.370054	0.021590
0.628741	366.650992	0.014605
0.647594	366.931985	0.007612
0.649348	367.212978	0.000622
0.664200	367.411652	-0.006362
0.711553	367.692590	-0.013312
0.743944	367.973583	-0.020228
0.748438	368.172257	-0.027106
0.748712	368.453195	-0.033919
0.770635	368.734188	-0.040665
0.784446	369.015127	-0.047336
0.767127	369.213800	-0.053930
0.783021	369.494793	-0.060418
0.788556	369.775732	-0.066802
0.813219	370.056725	-0.073072
0.836183	370.255398	-0.079226
0.872136	370.536337	-0.085242
0.921024	370.735010	-0.091124
0.947276	371.016004	-0.096852
0.942289	371.296942	-0.102422
0.964485	371.495615	-0.107838
0.972652	371.776609	-0.113072
0.979722	372.057547	-0.118132
0.991176	372.256221	-0.123015
0.975556	372.537214	-0.127698
0.999616	372.818152	-0.132187
1.006741	373.016826	-0.136482
1.024170	373.297819	-0.140562
1.025595	373.496492	-0.144437
1.007289	373.777431	-0.148090
0.999342	373.976104	-0.151531
0.995999	374.257097	-0.154741
0.996164	374.538036	-0.157722
0.981749	374.736709	-0.160485
0.940370	375.017703	-0.163004
0.949797	375.216376	-0.165301
0.945139	375.497369	-0.167352
0.912858	375.696043	-0.169177
0.893511	375.894717	-0.170764
0.851694	376.175655	-0.172104
0.826263	376.374329	-0.173215
0.792174	376.573002	-0.174087
0.773978	376.771676	-0.174724
0.786912	376.970350	-0.175125
0.756385	377.169023	-0.175291
0.732435	377.367697	-0.175225
0.692316	377.566371	-0.174930
0.654993	377.765044	-0.174406
0.635263	378.046037	-0.173649
0.665845	378.244711	-0.172680
0.693303	378.525649	-0.171485
0.673024	378.806643	-0.170075
0.687329	379.087581	-0.168454
0.681848	379.286255	-0.166641
0.686287	379.567248	-0.164615
0.681848	379.848186	-0.162397
0.686452	380.046860	-0.159996
0.687986	380.327853	-0.157403
0.686835	380.608791	-0.154633
0.723282	380.889784	-0.151690
0.712156	381.088458	-0.148592
0.715993	381.287131	-0.145333
0.737970	381.568070	-0.141914
0.760112	381.766743	-0.138358
0.743067	381.965417	-0.134665
0.763017	382.164091	-0.130840
0.802148	382.362764	-0.126892
0.812397	382.561438	-0.122828
0.798148	382.842431	-0.118646
0.787186	383.041105	-0.114373
0.769429	383.322043	-0.110000
0.737915	383.520717	-0.105548
0.721254	383.801710	-0.101012
0.701524	384.082648	-0.096405
0.660802	384.281322	-0.091746
0.607695	384.562315	-0.087026
0.591856	384.843253	-0.082260
0.610490	385.124246	-0.077456
0.655322	385.405185	-0.072623
0.674120	385.686178	-0.067767
0.669297	385.967171	-0.062899
0.668037	386.248109	-0.058024
0.652143	386.529102	-0.053149
0.638606	386.810041	-0.048284
0.665132	387.008714	-0.043444
0.692481	387.289707	-0.038618
0.729420	387.488381	-0.033830
0.735558	387.687055	-0.029080
0.711115	387.967993	-0.024366
0.715938	388.166667	-0.019709
0.684205	388.447660	-0.015102
0.636578	388.646333	-0.010567
0.618985	388.845007	-0.006100
0.597610	389.125945	-0.001699
0.598816	389.324619	0.002614
0.581826	389.523293	0.006840
0.575797	389.721966	0.010977
0.595473	389.920640	0.015018
0.577880	390.119314	0.018959
0.593610	390.317988	0.022797
0.634386	390.516661	0.026526
0.677080	390.715335	0.030144
0.702236	390.996328	0.033657
0.740820	391.195002	0.037041
0.749644	391.393675	0.040305
0.766360	391.592349	0.043446
0.754686	391.873287	0.046467
0.799792	392.071961	0.049354
0.815576	392.352954	0.052120
0.845610	392.551628	0.054745
0.864957	392.832566	0.057247
0.870273	393.031240	0.059606
0.893401	393.312233	0.061841
0.906829	393.593171	0.063943
0.936041	393.874164	0.065910
0.958511	394.072838	0.067733
0.977310	394.353776	0.069433
0.953360	394.634769	0.071001
0.952538	394.915708	0.072437
0.963115	395.196701	0.073743
0.980215	395.477694	0.074920
1.001699	395.676367	0.075962
1.008988	395.957306	0.076887
1.027458	396.155979	0.077682
1.022361	396.436972	0.078367
1.016278	396.717911	0.078932
1.030856	396.916584	0.079376
1.012989	397.197578	0.079717
1.028609	397.396251	0.079941
1.016990	397.677190	0.080069
1.003836	397.958183	0.080098
0.967938	398.156856	0.080020
0.970843	398.437795	0.079859
0.947276	398.636468	0.079598
0.915708	398.917461	0.079262
0.907980	399.198400	0.078848
0.914173	399.397073	0.078346
0.924038	399.678066	0.077783
0.915598	399.959005	0.077153
0.933574	400.239998	0.076462
0.925299	400.438671	0.075703
0.931218	400.719610	0.074900
0.908363	401.000603	0.074051
0.914173	401.199277	0.073148
0.895429	401.480215	0.072218
0.884249	401.761208	0.071252
0.853228	402.042146	0.070258
0.821934	402.240820	0.069233
0.829168	402.521813	0.068196
0.823413	402.802751	0.067145
0.830264	403.001425	0.066076
0.826811	403.282418	0.065010
0.822810	403.563411	0.063945
0.830209	403.762085	0.062874
0.811356	404.043023	0.061821
0.835580	404.324016	0.060779
0.844514	404.522690	0.059745
0.820015	404.803628	0.058739
0.807136	405.002302	0.057750
0.792996	405.283295	0.056798
0.803025	405.564233	0.055877
0.804286	405.845226	0.054990
0.792941	406.043900	0.054132
0.815357	406.324838	0.053326
0.790036	406.605831	0.052561
0.793818	406.804505	0.051837
0.801546	407.085443	0.051169
0.789050	407.366436	0.050552
0.782254	407.647375	0.049989
0.782254	407.846048	0.049472
0.789050	408.127042	0.049020
0.801546	408.407980	0.048627
0.793818	408.688973	0.048295
0.790036	408.887647	0.048013
0.808013	409.168585	0.047803
0.773211	409.449578	0.047653
0.738299	409.648252	0.047556
0.728762	409.929190	0.047533
0.733366	410.210183	0.047571
0.737915	410.491121	0.047671
0.719445	410.772114	0.047834
0.715390	411.053108	0.048056
0.715609	411.251781	0.048330
0.698509	411.532720	0.048671
0.694399	411.813713	0.049069
0.674449	412.094651	0.049525
0.658720	412.375644	0.050034
0.641401	412.574318	0.050585
0.624137	412.855256	0.051196
0.597062	413.136249	0.051855
0.580237	413.417187	0.052559
0.582703	413.615861	0.053298
0.567193	413.896854	0.054085
0.553327	414.177792	0.054908
0.553491	414.458785	0.055765
0.530144	414.739724	0.056652
0.493697	415.020717	0.057568
0.479119	415.301655	0.058506
0.461033	415.582648	0.059464
0.469802	415.781322	0.060429
0.475227	416.062260	0.061416
0.501151	416.343253	0.062410
0.512331	416.541927	0.063401
0.530801	416.822865	0.064401
0.557547	417.021539	0.065388
0.579853	417.302532	0.066375
0.609010	417.501206	0.067342
0.632632	417.782144	0.068302
0.638770	417.980818	0.069233
0.650280	418.179491	0.070138
0.659268	418.460484	0.071023
0.621451	418.659158	0.071866
0.623863	418.857832	0.072670
0.631152	419.056506	0.073435
0.620574	419.255179	0.074152
0.630549	419.536172	0.074829
0.638935	419.734846	0.075444
0.643045	419.933520	0.076000
0.636413	420.132193	0.076495
0.630385	420.330867	0.076923
0.626274	420.529541	0.077285
0.612299	420.728214	0.077573
0.594103	420.926888	0.077786
0.601502	421.207826	0.077929
0.589828	421.406500	0.077980
0.591582	421.605174	0.077947
0.577113	421.803847	0.077825
0.574756	422.084841	0.077622
0.575195	422.283514	0.077317
0.563740	422.564452	0.076925
0.585060	422.763126	0.076427
0.608353	422.961800	0.075830
0.635975	423.242793	0.075143
0.666776	423.441467	0.074342
0.655870	423.722405	0.073447
0.660254	423.921079	0.072438
0.677902	424.202072	0.071333
0.658720	424.483010	0.070121
0.667598	424.681684	0.068795
0.669352	424.962677	0.067370
0.693138	425.243615	0.065837
0.706018	425.442289	0.064189
0.705799	425.723282	0.062445
0.718349	426.004220	0.060595
0.722569	426.285213	0.058641
0.714622	426.566151	0.056583
0.734243	426.847145	0.054422
0.785104	427.128083	0.052163
0.830374	427.409076	0.049806
0.893675	427.690014	0.047352
0.909898	427.971007	0.044803
0.938562	428.169681	0.042156
0.953469	428.450619	0.039428
0.968815	428.649293	0.036605
0.992382	428.930286	0.033709
1.038693	429.211279	0.030735
1.100351	429.409953	0.027676
1.131919	429.608627	0.024546
1.111476	429.807300	0.021348
1.060123	430.088239	0.018094
1.077332	430.286912	0.014773
1.091911	430.567905	0.011406
1.110326	430.766579	0.007980
1.132522	431.047517	0.004517
1.146224	431.246191	0.001005
1.149129	431.527184	-0.002534
1.144470	431.808122	-0.006103
1.114436	432.006796	-0.009707
1.082593	432.287789	-0.013321
1.054971	432.486463	-0.016958
1.017703	432.767401	-0.020596
1.001041	433.048394	-0.024236
0.982846	433.329332	-0.027874
0.988052	433.528006	-0.031513
0.978461	433.808999	-0.035129
0.968431	434.089938	-0.038725
0.966952	434.370931	-0.042296
0.982133	434.651869	-0.045836
0.969363	434.932862	-0.049339
0.976159	435.213800	-0.052798
0.975776	435.494793	-0.056210
0.940206	435.775732	-0.059568
0.921353	435.974405	-0.062874
0.893621	436.255398	-0.066105
0.857174	436.536337	-0.069265
0.857339	436.817330	-0.072351
0.869067	437.016004	-0.075361
0.829332	437.296997	-0.078277
0.790201	437.577935	-0.081102
0.780281	437.776609	-0.083837
0.744547	438.057602	-0.086462
0.735613	438.256275	-0.088988
0.738902	438.454949	-0.091403
0.737586	438.735887	-0.093695
0.761044	438.934561	-0.095875
0.761427	439.133235	-0.097932
0.769319	439.331908	-0.099860
0.793489	439.530582	-0.101658
0.794037	439.729256	-0.103320
0.794037	439.927929	-0.104843
0.792393	440.126603	-0.106226
0.788721	440.325277	-0.107467
0.756495	440.523950	-0.108560
0.729694	440.722624	-0.109503
0.712430	440.921298	-0.110297
0.676422	441.119972	-0.110938
0.662885	441.400965	-0.111414
0.640798	441.599638	-0.111746
0.639537	441.798312	-0.111919
0.625123	442.079250	-0.111926
0.589006	442.277924	-0.111786
0.605667	442.558917	-0.111478
0.605229	442.757591	-0.111020
0.588019	443.038529	-0.110394
0.609229	443.319522	-0.109613
0.601337	443.518196	-0.108682
0.593774	443.799134	-0.107588
0.586868	444.080127	-0.106340
0.580511	444.278801	-0.104947
0.565275	444.559739	-0.103395
0.578209	444.840732	-0.101694
0.596295	445.121671	-0.099848
0.603365	445.402664	-0.097857
0.621671	445.601337	-0.095735
0.615587	445.882276	-0.093467
0.618711	446.163269	-0.091064
0.623095	446.444207	-0.088531
0.601831	446.725200	-0.085871
0.621396	446.923874	-0.083098
0.634550	447.204812	-0.080197
0.661515	447.485805	-0.077182
0.670229	447.684479	-0.074068
0.680697	447.965472	-0.070838
0.694125	448.164146	-0.067521
0.715061	448.445084	-0.064098
0.701798	448.643758	-0.060599
0.701578	448.924751	-0.057006
0.711279	449.123424	-0.053344
0.725145	449.404363	-0.049604
0.697139	449.603036	-0.045805
0.633509	449.801710	-0.041948
0.618766	450.082703	-0.038028
0.605448	450.281377	-0.034071
0.591362	450.562315	-0.030066
0.567850	450.843308	-0.026024
0.518470	451.041982	-0.021966
0.484599	451.240655	-0.017886
0.445084	451.521594	-0.013784
0.410885	451.802587	-0.009673
0.431656	452.083525	-0.005562
0.455826	452.364518	-0.001457
0.452318	452.645457	0.002636
0.466897	452.844130	0.006700
0.473583	453.125123	0.010749
0.496931	453.406062	0.014764
0.501973	453.604735	0.018731
0.508988	453.885728	0.022663
0.521484	454.084402	0.026533
0.519402	454.365340	0.030356
0.509646	454.564014	0.034104
0.486572	454.845007	0.037791
0.489642	455.043681	0.041395
0.492766	455.324619	0.044923
0.514250	455.605612	0.048365
0.506577	455.886605	0.051713
0.514250	456.167544	0.054962
0.492766	456.448537	0.058108
0.489642	456.729475	0.061144
0.486189	456.928149	0.064058
0.493478	457.209142	0.066864
0.519730	457.407815	0.069536
0.570098	457.688754	0.072092
0.593719	457.887427	0.074506
0.632303	458.086101	0.076786
0.646607	458.284775	0.078927
0.633564	458.565768	0.080936
0.639537	458.764442	0.082791
0.624137	458.963115	0.084499
0.626603	459.161789	0.086055
0.631207	459.360463	0.087460
0.672147	459.559136	0.088710
0.700482	459.840075	0.089814
0.712156	460.038748	0.090750
0.709690	460.237422	0.091527
0.695824	460.436096	0.092144
0.646553	460.634769	0.092600
0.617122	460.833443	0.092896
0.605996	461.032117	0.093031
0.608298	461.230790	0.093004
0.637071	461.429464	0.092816
0.643703	461.628138	0.092467
0.643264	461.826811	0.091960
0.659323	462.025485	0.091296
0.651321	462.306478	0.090484
0.655541	462.505152	0.089508
0.639537	462.703825	0.088378
0.651595	462.984764	0.087108
0.676861	463.183437	0.085681
0.677025	463.464431	0.084118
0.653349	463.663104	0.082404
0.657185	463.944043	0.080560
0.651979	464.225036	0.078578
0.661186	464.505974	0.076467
0.656253	464.704648	0.074217
0.663269	464.985641	0.071855
0.659103	465.266579	0.069371
0.639483	465.547572	0.066773
0.597501	465.828510	0.064064
0.577113	466.109503	0.061250
0.567522	466.390442	0.058334
0.563959	466.671435	0.055324
0.563959	466.952428	0.052224
0.567522	467.233366	0.049038
0.577058	467.514359	0.045774
0.595802	467.795298	0.042435
0.622219	468.076291	0.039030
0.639647	468.357229	0.035561
0.667160	468.638222	0.032038
0.690233	468.919160	0.028466
0.704483	469.200153	0.024849
0.698126	469.398827	0.021185
0.690946	469.679765	0.017499
0.711882	469.960759	0.013788
0.716486	470.241697	0.010058
0.699825	470.440370	0.006307
0.733695	470.639044	0.002549
0.747451	470.920037	-0.001200
0.752603	471.118711	-0.004953
0.739176	471.317385	-0.008693
0.737586	471.598323	-0.012406
0.761044	471.796997	-0.016104
0.761482	471.995670	-0.019771
0.748548	472.194344	-0.023402
0.781596	472.393018	-0.026993
0.797874	472.591691	-0.030535
0.810260	472.790365	-0.034023
0.798531	473.071358	-0.037444
0.807574	473.270032	-0.040811
0.802806	473.468705	-0.044106
0.790803	473.667379	-0.047330
0.771621	473.948317	-0.050465
0.824784	474.146991	-0.053525
0.874603	474.427984	-0.056486
0.819303	474.708923	-0.059356
0.815960	474.989916	-0.062128
0.825277	475.188589	-0.064808
0.862929	475.469528	-0.067375
0.883920	475.668201	-0.069844
0.880796	475.949194	-0.072190
0.875534	476.230187	-0.074422
0.891154	476.511126	-0.076536
0.889455	476.792119	-0.078531
0.940151	476.990793	-0.080410
0.991779	477.271731	-0.082156
1.024060	477.552724	-0.083775
1.027513	477.751398	-0.085275
1.029321	478.032336	-0.086634
1.052395	478.313329	-0.087860
1.058259	478.594267	-0.088955
1.074044	478.792941	-0.089925
1.108024	479.073934	-0.090752
1.150663	479.354872	-0.091445
1.166612	479.553546	-0.092013
1.186507	479.834539	-0.092436
1.180697	480.033213	-0.092735
1.149677	480.314151	-0.092892
1.128192	480.512825	-0.092927
1.119259	480.793818	-0.092819
1.135372	480.992492	-0.092593
1.117615	481.273430	-0.092228
1.101611	481.554423	-0.091737
1.104352	481.753097	-0.091131
1.094596	481.951770	-0.090403
1.076017	482.232709	-0.089546
1.058314	482.431382	-0.088581
1.075469	482.712375	-0.087493
1.068015	482.911049	-0.086304
1.054533	483.191987	-0.084997
1.039680	483.390661	-0.083594
1.030144	483.589335	-0.082092
1.048668	483.870328	-0.080483
1.035460	484.069001	-0.078790
1.064617	484.349940	-0.076998
1.068727	484.548613	-0.075132
1.076181	484.747287	-0.073185
1.087636	485.028280	-0.071152
1.106325	485.226954	-0.069056
1.096953	485.507947	-0.066884
1.068508	485.706621	-0.064658
1.060726	485.987559	-0.062368
1.070481	486.186233	-0.060033
1.085169	486.467226	-0.057641
1.087745	486.665899	-0.055216
1.127918	486.864573	-0.052753
1.128631	487.145511	-0.050249
1.148471	487.344185	-0.047726
1.166119	487.542859	-0.045183
1.179327	487.823852	-0.042612
1.194015	488.022525	-0.040037
1.189576	488.221199	-0.037457
1.198345	488.502137	-0.034866
1.176696	488.700811	-0.032288
1.209799	488.899485	-0.029717
1.230955	489.180478	-0.027150
1.221966	489.379152	-0.024612
1.253371	489.660090	-0.022087
1.257152	489.858764	-0.019598
1.267072	490.057437	-0.017143
1.280664	490.338430	-0.014716
1.276718	490.537104	-0.012339
1.285268	490.818042	-0.009999
1.284446	491.016716	-0.007718
1.264222	491.215390	-0.005492
1.267511	491.496383	-0.003315
1.230352	491.695056	-0.001209
1.225036	491.975995	0.000840
1.208539	492.174668	0.002811
1.185739	492.373342	0.004709
1.192809	492.654335	0.006540
1.167160	492.853009	0.008284
1.151595	493.133947	0.009954
1.155705	493.332621	0.011531
1.127535	493.531295	0.013020
1.135865	493.812288	0.014430
1.123918	494.093226	0.015748
1.153184	494.291900	0.016963
1.153239	494.572893	0.018092
1.145950	494.771566	0.019115
1.111586	495.052505	0.020049
1.109668	495.251178	0.020875
1.078702	495.532171	0.021611
1.083909	495.730845	0.022235
1.063028	496.011783	0.022767
1.058259	496.210457	0.023189
1.067631	496.491450	0.023517
1.050038	496.690124	0.023736
1.051902	496.971117	0.023862
1.014030	497.252055	0.023886
1.008331	497.450729	0.023800
0.983284	497.731722	0.023625
1.012606	498.012660	0.023351
1.041653	498.211334	0.022970
1.054258	498.492327	0.022503
1.066974	498.691001	0.021934
1.083306	498.971939	0.021278
1.084128	499.252932	0.020534
1.098871	499.533870	0.019702
1.099967	499.732544	0.018775
1.107859	500.013537	0.017772
1.137838	500.294476	0.016689
1.166283	500.575469	0.015527
1.196098	500.856407	0.014290
1.261646	501.055081	0.012971
1.283131	501.336074	0.011592
1.293051	501.617012	0.010147
1.294530	501.898005	0.008639
1.299189	502.096679	0.007063
1.302806	502.377617	0.005441
1.308616	502.658610	0.003766
1.353338	502.939548	0.002043
1.389729	503.138222	0.000267
1.365395	503.419215	-0.001541
1.365724	503.700153	-0.003386
1.359586	503.898827	-0.005273
1.352351	504.179820	-0.007179
1.417023	504.378494	-0.009119
1.448482	504.659487	-0.011071
1.479283	504.858161	-0.013048
1.453963	505.056834	-0.015038
1.493916	505.337773	-0.017027
1.530144	505.536446	-0.019029
1.539241	505.817439	-0.021021
1.513811	506.098378	-0.023012
1.541763	506.297051	-0.025002
1.568837	506.578045	-0.026971
1.669845	506.776718	-0.028935
1.638715	506.975392	-0.030878
1.682944	507.256330	-0.032788
1.716267	507.455004	-0.034680
1.704757	507.735997	-0.036532
1.684040	508.016935	-0.038349
1.712704	508.215609	-0.040138
1.739614	508.496602	-0.041876
1.853831	508.695276	-0.043579
1.862819	508.893949	-0.045234
1.854215	509.174888	-0.046827
1.870383	509.373561	-0.048376
1.880686	509.654554	-0.049859
1.888633	509.935493	-0.051282
1.929628	510.134166	-0.052654
1.951441	510.332840	-0.053959
1.951661	510.613833	-0.055189
1.864628	510.812507	-0.056358
1.881015	511.093445	-0.057449
1.891483	511.292119	-0.058475
1.905185	511.573112	-0.059416
1.912858	511.854050	-0.060281
1.913570	512.052724	-0.061078
1.914392	512.333717	-0.061788
1.880193	512.532391	-0.062427
1.868738	512.813329	-0.062974
1.871040	513.012003	-0.063450
1.874329	513.292996	-0.063835
1.878055	513.573989	-0.064137
1.863367	513.772663	-0.064365
1.884139	514.053601	-0.064501
1.870328	514.252274	-0.064563
1.869670	514.533268	-0.064532
1.866162	514.814206	-0.064421
1.859860	515.012880	-0.064237
1.849008	515.293873	-0.063961
1.835690	515.492546	-0.063615
1.783240	515.773485	-0.063180
1.770689	515.972158	-0.062677
1.737312	516.253151	-0.062087
1.695440	516.451825	-0.061432
1.674942	516.732763	-0.060693
1.667763	516.931437	-0.059892
1.669243	517.212430	-0.059011
1.674340	517.493368	-0.058061
1.676313	517.692042	-0.057053
1.690124	517.973035	-0.055973
1.684917	518.171709	-0.054840
1.602872	518.452647	-0.053640
1.571687	518.651321	-0.052390
1.518634	518.849995	-0.051085
1.499945	519.130988	-0.049720
1.486189	519.411926	-0.048306
1.472761	519.610600	-0.046856
1.447167	519.891593	-0.045352
1.405240	520.090266	-0.043816
1.372191	520.288940	-0.042243
1.339143	520.569878	-0.040627
1.302368	520.850871	-0.038979
1.267072	521.049545	-0.037313
1.257920	521.248219	-0.035620
1.206347	521.529157	-0.033897
1.148361	521.727831	-0.032164
1.112956	522.008824	-0.030405
1.100077	522.207498	-0.028644
1.080894	522.488436	-0.026865
1.052285	522.687110	-0.025088
1.014798	522.968103	-0.023298
0.973528	523.166776	-0.021519
0.933739	523.365450	-0.019742
0.905733	523.646443	-0.017962
0.896909	523.845117	-0.016201
0.932917	524.126055	-0.014443
0.951058	524.324729	-0.012709
0.931218	524.605722	-0.010984
0.937630	524.804395	-0.009288
0.928368	525.003069	-0.007617
0.934123	525.201743	-0.005971
0.921298	525.482681	-0.004344
0.899046	525.681355	-0.002758
0.896580	525.880028	-0.001206
0.900088	526.078702	0.000311
0.890551	526.277376	0.001790
0.904089	526.558369	0.003238
0.892853	526.757043	0.004634
0.896580	526.955716	0.005987
0.904143	527.154390	0.007294
0.902225	527.353064	0.008553
0.926669	527.634002	0.009773
0.925628	527.832676	0.010933
0.935986	528.031349	0.012041
0.941138	528.230023	0.013097
0.934177	528.428697	0.014099
0.965527	528.709690	0.015054
0.963937	528.908363	0.015945
0.973090	529.107037	0.016780
1.014250	529.305711	0.017557
0.995232	529.504385	0.018277
0.992930	529.703058	0.018939
0.992546	529.901732	0.019543
0.968157	530.100406	0.020091
0.959936	530.299079	0.020578
0.962074	530.497753	0.021008
0.970021	530.696427	0.021381
0.987723	530.977365	0.021705
1.003672	531.176039	0.021965
1.000329	531.374712	0.022167
1.015346	531.573386	0.022315
1.034090	531.772060	0.022408
1.098871	531.970733	0.022448
1.150992	532.251726	0.022444
1.156692	532.450400	0.022381
1.157240	532.649074	0.022266
1.167653	532.847747	0.022103
1.195605	533.046421	0.021893
1.166941	533.245095	0.021636
1.157240	533.443768	0.021335
1.156856	533.642442	0.020992
1.166283	533.841116	0.020609
1.166228	534.122054	0.020195
1.156856	534.320728	0.019733
1.157240	534.519402	0.019239
1.166941	534.718075	0.018708
1.191439	534.916749	0.018147
1.191494	535.115423	0.017557
1.191604	535.314096	0.016939
1.189795	535.512770	0.016296
1.184369	535.711444	0.015630
1.171490	535.910117	0.014942
1.147375	536.108791	0.014236
1.112518	536.307465	0.013512
1.072893	536.506138	0.012774
1.038036	536.704812	0.012024
1.020443	536.903486	0.011263
0.983503	537.102159	0.010493
0.989751	537.300833	0.009718
1.020169	537.499507	0.008938
1.044010	537.698180	0.008157
1.058314	537.979174	0.007384
1.063904	538.177847	0.006604
1.064069	538.376521	0.005828
1.058479	538.575195	0.005058
1.027842	538.773868	0.004295
0.976762	538.972542	0.003542
0.961252	539.171216	0.002799
0.962074	539.369889	0.002069
0.969308	539.568563	0.001354
0.984545	539.849501	0.000663
0.997260	540.048175	-0.000019
0.986408	540.246849	-0.000683
0.983010	540.445522	-0.001327
0.962841	540.644196	-0.001950
0.969363	540.842870	-0.002551
0.984545	541.123863	-0.003119
0.997260	541.322536	-0.003672
0.986408	541.521210	-0.004201
0.982955	541.719884	-0.004703
0.962512	541.918557	-0.005180
0.967171	542.117231	-0.005629
0.976652	542.398169	-0.006042
0.967664	542.596843	-0.006436
0.974405	542.795517	-0.006802
0.978351	542.994191	-0.007140
0.933246	543.192864	-0.007449
0.932150	543.473857	-0.007721
0.955333	543.672531	-0.007974
0.973748	543.871205	-0.008200
0.966075	544.152143	-0.008388
0.956155	544.350817	-0.008558
0.973748	544.549490	-0.008702
0.981859	544.748164	-0.008819
0.946290	545.029157	-0.008902
0.946235	545.227831	-0.008969
0.930231	545.426504	-0.009012
0.926066	545.625178	-0.009033
0.914447	545.906116	-0.009022
0.911268	546.104790	-0.008999
0.927984	546.385783	-0.008948
0.919873	546.584457	-0.008887
0.906664	546.783131	-0.008810
0.912803	547.064069	-0.008707
0.882385	547.262743	-0.008599
0.892744	547.543736	-0.008469
0.903102	547.742409	-0.008336
0.872794	547.941083	-0.008193
0.864025	548.222076	-0.008033
0.844898	548.420750	-0.007876
0.816617	548.619423	-0.007713
0.801874	548.900362	-0.007539
0.780719	549.099035	-0.007371
0.758961	549.297709	-0.007204
0.757262	549.578702	-0.007029
0.721199	549.777376	-0.006868
0.725419	549.976050	-0.006711
0.715554	550.256988	-0.006553
0.715883	550.455662	-0.006413
0.757646	550.736655	-0.006275
0.780609	550.935328	-0.006158
0.766469	551.216267	-0.006046
0.781103	551.414940	-0.005959
0.776225	551.613614	-0.005889
0.759180	551.812288	-0.005839
0.739505	552.093281	-0.005800
0.753754	552.291954	-0.005793
0.749699	552.490628	-0.005809
0.758029	552.771566	-0.005841
0.754138	552.970240	-0.005909
0.749753	553.168914	-0.006005
0.758084	553.449907	-0.006121
0.754138	553.648581	-0.006276
0.749753	553.847254	-0.006463
0.758084	554.128192	-0.006673
0.754138	554.326866	-0.006926
0.749753	554.525540	-0.007212
0.758413	554.806533	-0.007525
0.737038	555.005207	-0.007883
0.768004	555.203880	-0.008277
0.793818	555.484819	-0.008699
0.790255	555.683492	-0.009168
0.837608	555.964485	-0.009664
0.864025	556.163159	-0.010208
0.854269	556.361833	-0.010790
0.874329	556.642771	-0.011400
0.877343	556.841445	-0.012058
0.894443	557.040118	-0.012753
0.882111	557.321111	-0.013477
0.863148	557.519785	-0.014247
0.878713	557.718459	-0.015053
0.887318	557.917133	-0.015895
0.853995	558.198071	-0.016762
0.867478	558.396744	-0.017674
0.893895	558.595418	-0.018618
0.908966	558.794092	-0.019594
0.904472	559.075085	-0.020594
0.892963	559.273759	-0.021631
0.897128	559.472432	-0.022698
0.906116	559.671106	-0.023791
0.909295	559.869780	-0.024909
0.953579	560.150718	-0.026043
0.961635	560.349392	-0.027208
0.961197	560.548065	-0.028393
0.976762	560.746739	-0.029597
0.994574	560.945413	-0.030816
0.993368	561.144086	-0.032049
0.993368	561.342760	-0.033295
0.993368	561.541434	-0.034552
0.993368	561.740107	-0.035817
0.993368	561.938781	-0.037085
0.993368	562.137455	-0.038357
0.993368	562.336128	-0.039630
0.993368	562.534802	-0.040900
0.993368	562.733476	-0.042165
0.993368	562.932150	-0.043424
0.993478	563.130823	-0.044672
0.993916	563.329497	-0.045909
0.997917	563.528171	-0.047129
1.020224	563.726844	-0.048332
1.019018	563.925518	-0.049512
1.006248	564.124192	-0.050671
0.987778	564.322865	-0.051804
0.969418	564.603858	-0.052897
0.982297	564.802532	-0.053970
0.977200	565.001206	-0.055006
0.968267	565.199879	-0.056006
0.978735	565.398553	-0.056966
0.986298	565.679491	-0.057874
0.977584	565.878165	-0.058747
0.956922	566.076839	-0.059571
0.966294	566.275512	-0.060345
0.973200	566.556506	-0.061057
0.972597	566.755179	-0.061723
0.949468	566.953853	-0.062332
0.916201	567.234846	-0.062870
0.933300	567.433520	-0.063356
0.917297	567.714458	-0.063770
0.923819	567.913132	-0.064124
0.929026	568.111805	-0.064410
0.929135	568.392798	-0.064616
0.941850	568.591472	-0.064761
0.910611	568.872410	-0.064821
0.881508	569.071084	-0.064815
0.861942	569.352077	-0.064722
0.848076	569.633015	-0.064551
0.846268	569.831689	-0.064308
0.853667	570.112682	-0.063976
0.869944	570.311356	-0.063571
0.894607	570.592294	-0.063073
0.899594	570.790968	-0.062500
0.898224	571.071961	-0.061832
0.892086	571.270635	-0.061089
0.905514	571.551573	-0.060250
0.881892	571.832566	-0.059325
0.886167	572.031240	-0.058323
0.882824	572.312178	-0.057225
0.881563	572.593171	-0.056041
0.892908	572.791845	-0.054780
0.898772	573.072783	-0.053424
0.921955	573.353776	-0.051983
0.881508	573.552450	-0.050465
0.863038	573.833388	-0.048854
0.839581	574.114381	-0.047160
0.830100	574.395320	-0.045385
0.843089	574.676313	-0.043528
0.842924	574.957251	-0.041592
0.842924	575.238244	-0.039577
0.841664	575.519237	-0.037485
0.837444	575.800175	-0.035319
0.827743	576.081168	-0.033078
0.808944	576.362107	-0.030766
0.780883	576.643100	-0.028387
0.752220	576.924038	-0.025939
0.713691	577.205031	-0.023426
0.708100	577.485970	-0.020852
0.727173	577.766963	-0.018216
0.747671	578.047901	-0.015524
0.800230	578.246575	-0.012786
0.850597	578.527568	-0.009987
0.880686	578.808506	-0.007138
0.914776	579.007180	-0.004253
0.930615	579.288173	-0.001316
0.943494	579.569111	0.001661
0.964431	579.767785	0.004666
0.973967	580.048778	0.007713
0.950400	580.329716	0.010790
0.957361	580.528390	0.013885
0.963389	580.809383	0.017012
0.964979	581.090321	0.020158
0.943878	581.371314	0.023322
0.919160	581.569988	0.026488
0.901513	581.850926	0.029673
0.903979	582.131919	0.032863
0.890771	582.330593	0.036047
0.879974	582.611586	0.039236
0.881070	582.810260	0.042411
0.896416	583.091198	0.045588
0.880412	583.289872	0.048741
0.886550	583.570865	0.051886
0.878658	583.769539	0.055003
0.886441	584.050477	0.058104
0.868519	584.249150	0.061170
0.848789	584.530144	0.064213
0.833553	584.728817	0.067213
0.825277	585.009756	0.070185
0.799024	585.208429	0.073104
0.797983	585.407103	0.075982
0.791242	585.688096	0.078817
0.807191	585.886770	0.081594
0.813329	586.085443	0.084317
0.856571	586.284117	0.086981
0.922065	586.482791	0.089584
0.948591	586.681464	0.092124
0.969418	586.880138	0.094598
0.958457	587.078812	0.097003
0.953743	587.277485	0.099335
0.958457	587.476159	0.101594
0.969363	587.674833	0.103774
0.980489	587.873507	0.105876
0.972816	588.072180	0.107898
0.948701	588.270854	0.109834
0.922449	588.469528	0.111684
0.858818	588.668201	0.113448
0.826811	588.866875	0.115121
0.846542	589.065549	0.116703
0.881673	589.264222	0.118194
0.903705	589.545161	0.119599
0.943001	589.743834	0.120898
0.959005	589.942508	0.122102
0.950619	590.141182	0.123208
0.947441	590.422175	0.124226
0.957415	590.620848	0.125135
0.973912	590.819522	0.125943
0.982243	591.018196	0.126651
0.947824	591.299134	0.127268
0.953250	591.497808	0.127773
0.947386	591.696481	0.128178
0.957799	591.895155	0.128483
0.944371	592.176148	0.128695
0.992272	592.374822	0.128799
1.028554	592.655760	0.128809
1.071523	592.854434	0.128711
1.072125	593.135427	0.128523
1.104132	593.334101	0.128229
1.092787	593.615039	0.127846
1.111422	593.813713	0.127357
1.098159	594.012386	0.126773
1.106489	594.293379	0.126104
1.136962	594.574318	0.125343
1.179163	594.772991	0.124480
1.149403	595.053984	0.123536
1.178998	595.334923	0.122507
1.207772	595.533596	0.121380
1.222679	595.814589	0.120179
1.241642	596.013263	0.118885
1.263784	596.294201	0.117521
1.270963	596.575195	0.116079
1.284007	596.856188	0.114559
1.276992	597.054861	0.112957
1.284830	597.335800	0.111291
1.277157	597.616793	0.109558
1.283240	597.897731	0.107757
1.292119	598.178724	0.105891
1.335252	598.459662	0.103964
1.341061	598.658336	0.101968
1.298970	598.939329	0.099924
1.447331	599.220267	0.097826
1.298970	599.501261	0.095677
1.341061	599.782199	0.093480
1.365395	599.980873	0.091226
1.384797	600.261866	0.088940
1.392853	600.542804	0.086612
1.372849	600.823797	0.084247
1.333333	601.104735	0.081848
1.326921	601.385728	0.079416
1.343582	601.666667	0.076954
1.367533	601.865340	0.074456
1.383755	602.146333	0.071946
1.378878	602.427272	0.069411
1.375206	602.708265	0.066861
1.355804	602.989258	0.064293
1.361833	603.270196	0.061713
1.364025	603.468870	0.059113
1.394881	603.749863	0.056513
1.376411	604.030801	0.053910
1.355640	604.311794	0.051302
1.376192	604.510468	0.048684
1.366546	604.791406	0.046078
1.371698	605.072399	0.043475
1.364135	605.353338	0.040880
1.362326	605.552011	0.038284
1.358161	605.833004	0.035707
1.334868	606.031678	0.033135
1.331196	606.312616	0.030586
1.333059	606.593610	0.028053
1.334758	606.792283	0.025532
1.331141	607.073222	0.023037
1.321166	607.271895	0.020558
1.283021	607.552888	0.018112
1.278417	607.751562	0.015681
1.270470	608.032500	0.013287
1.257426	608.231174	0.010911
1.236381	608.512167	0.008575
1.242683	608.710841	0.006260
1.209799	608.909514	0.003978
1.203771	609.190453	0.001738
1.196536	609.389126	-0.000477
1.190672	609.587800	-0.002657
1.200044	609.868793	-0.004791
1.202236	610.067467	-0.006898
1.228598	610.266141	-0.008967
1.238354	610.547079	-0.010988
1.228105	610.745752	-0.012981
1.234627	610.944426	-0.014933
1.233750	611.143100	-0.016846
1.204757	611.341774	-0.018719
1.194892	611.540447	-0.020552
1.197687	611.739121	-0.022344
1.219939	611.937795	-0.024096
1.218678	612.136468	-0.025805
1.208210	612.335142	-0.027477
1.188315	612.533816	-0.029104
1.202565	612.814809	-0.030684
1.217089	613.013482	-0.032232
1.207826	613.212156	-0.033741
1.215554	613.410830	-0.035207
1.218623	613.691768	-0.036625
1.211553	613.972761	-0.038005
1.204209	614.171435	-0.039355
1.203223	614.452428	-0.040656
1.198674	614.651102	-0.041927
1.202017	614.932040	-0.043154
1.173737	615.213033	-0.044343
1.157678	615.493971	-0.045495
1.146827	615.692645	-0.046620
1.198564	615.973638	-0.047701
1.197413	616.172312	-0.048755
1.179163	616.370985	-0.049777
1.123753	616.569659	-0.050764
1.087471	616.850597	-0.051709
1.041215	617.049271	-0.052631
0.999726	617.247945	-0.053521
0.954949	617.446618	-0.054380
0.982023	617.645292	-0.055209
0.996164	617.843966	-0.056010
1.008495	618.042639	-0.056780
1.020004	618.323633	-0.057513
1.029431	618.522306	-0.058227
0.991395	618.720980	-0.058915
1.003617	618.919654	-0.059575
0.983448	619.118327	-0.060210
0.996602	619.317001	-0.060819
0.989642	619.515675	-0.061405
0.977858	619.796613	-0.061956
1.003946	619.995287	-0.062493
1.012441	620.193960	-0.063005
1.003891	620.392634	-0.063494
0.975447	620.591308	-0.063961
1.020443	620.872301	-0.064397
1.060890	621.070974	-0.064821
1.043626	621.351913	-0.065213
1.028664	621.632906	-0.065585
1.051957	621.831580	-0.065943
1.063630	622.112518	-0.066273
1.088677	622.311191	-0.066591
1.098323	622.592185	-0.066877
1.085717	622.873123	-0.067143
1.102433	623.154116	-0.067390
1.092349	623.435054	-0.067616
1.115423	623.716047	-0.067820
1.112353	623.996986	-0.068005
1.117396	624.195659	-0.068178
1.097227	624.476652	-0.068320
1.086978	624.675326	-0.068452
1.062753	624.956264	-0.068552
1.079744	625.154938	-0.068640
1.083909	625.435931	-0.068698
1.098104	625.634605	-0.068742
1.092459	625.915598	-0.068755
1.071029	626.114272	-0.068753
1.023402	626.312945	-0.068729
1.003946	626.511619	-0.068682
0.977858	626.710293	-0.068609
0.989696	626.991231	-0.068505
1.006906	627.189905	-0.068382
0.993752	627.388578	-0.068236
0.975392	627.587252	-0.068065
0.993368	627.785926	-0.067866
0.975337	627.984599	-0.067642
0.992272	628.183273	-0.067388
1.004659	628.381947	-0.067109
1.006084	628.580620	-0.066799
0.992382	628.861614	-0.066452
0.961964	629.060287	-0.066085
0.933629	629.258961	-0.065689
0.930779	629.539899	-0.065251
0.959608	629.738573	-0.064793
0.976050	629.937247	-0.064304
1.037049	630.135920	-0.063783
1.064069	630.334594	-0.063228
1.061603	630.533268	-0.062640
1.057273	630.731941	-0.062022
1.043790	631.012934	-0.061359
1.020059	631.211608	-0.060672
0.988436	631.410282	-0.059951
0.974789	631.608955	-0.059194
0.993368	631.807629	-0.058404
0.992492	632.006303	-0.057579
0.966184	632.204976	-0.056718
0.977913	632.403650	-0.055822
0.971336	632.602324	-0.054891
0.952976	632.800997	-0.053924
0.924970	633.081936	-0.052913
0.893346	633.362929	-0.051868
0.860791	633.561603	-0.050795
0.827853	633.760276	-0.049688
0.780993	633.958950	-0.048545
0.768333	634.157624	-0.047370
0.762743	634.356297	-0.046159
0.766305	634.554971	-0.044914
0.774087	634.753645	-0.043637
0.787734	635.034583	-0.042316
0.800669	635.233257	-0.040973
0.789269	635.431930	-0.039597
0.786200	635.630604	-0.038193
0.767072	635.829278	-0.036757
0.772553	636.027951	-0.035290
0.782034	636.308944	-0.033786
0.772717	636.507618	-0.032264
0.781651	636.706292	-0.030715
0.785871	636.904965	-0.029139
0.770415	637.103639	-0.027541
0.753097	637.384577	-0.025907
0.764277	637.583251	-0.024262
0.781103	637.781925	-0.022594
0.789378	637.980598	-0.020908
0.755070	638.261592	-0.019195
0.764332	638.460265	-0.017472
0.781103	638.658939	-0.015734
0.789378	638.857613	-0.013983
0.755070	639.138551	-0.012209
0.764332	639.337225	-0.010434
0.781103	639.535898	-0.008650
0.789269	639.734572	-0.006858
0.754741	640.015565	-0.005050
0.762085	640.214239	-0.003248
0.774416	640.412912	-0.001444
0.759345	640.611586	0.000361
0.741532	640.892524	0.002174
0.763729	641.091198	0.003975
0.781596	641.289872	0.005771
0.773868	641.570865	0.007569
0.763455	641.769539	0.009349
0.781212	641.968212	0.011118
0.789378	642.166886	0.012875
0.755070	642.447824	0.014627
0.764332	642.646498	0.016353
0.781103	642.845172	0.018060
0.789378	643.043845	0.019748
0.755070	643.324838	0.021423
0.764332	643.523512	0.023063
0.781103	643.722186	0.024678
0.789269	643.920859	0.026265
0.754741	644.201798	0.027832
0.762085	644.400471	0.029358
0.774416	644.599145	0.030850
0.759345	644.797819	0.032308
0.741532	645.078812	0.033739
0.763729	645.277485	0.035122
0.781596	645.476159	0.036466
0.773868	645.757097	0.037777
0.763455	645.955771	0.039035
0.781212	646.154445	0.040249
0.789378	646.353118	0.041417
0.755070	646.634112	0.042548
0.764332	646.832785	0.043621
0.781158	647.031459	0.044642
0.789378	647.230133	0.045615
0.755124	647.511126	0.046544
0.764935	647.709799	0.047410
0.783624	647.908473	0.048222
0.792776	648.107147	0.048980
0.784007	648.388085	0.049691
0.772937	648.586759	0.050337
0.781651	648.785432	0.050926
0.787460	648.984106	0.051457
0.751343	649.182780	0.051932
0.769045	649.463773	0.052355
0.803025	649.662447	0.052711
0.826099	649.861120	0.053008
0.819851	650.142059	0.053256
0.810534	650.340732	0.053437
0.829552	650.539406	0.053557
0.838266	650.738080	0.053620
0.803573	651.019073	0.053630
0.812178	651.217746	0.053576
0.830264	651.416420	0.053464
0.839581	651.615094	0.053295
0.808013	651.896032	0.053078
0.827414	652.094706	0.052795
0.856900	652.293379	0.052457
0.871479	652.492053	0.052065
0.845720	652.773046	0.051629
0.858818	652.971720	0.051133
0.877179	653.170394	0.050583
0.886550	653.369067	0.049985
0.853831	653.650005	0.049346
0.867478	653.848679	0.048651
0.890113	654.047353	0.047910
0.890716	654.246027	0.047124
0.902280	654.527020	0.046305
0.945742	654.725693	0.045434
0.932150	654.924367	0.044524
0.933246	655.205305	0.043586
0.948756	655.403979	0.042603
0.940151	655.602653	0.041583
0.937082	655.801326	0.040532
0.918612	656.000000	0.039452
0.899485	656.280993	0.038349
0.912036	656.479667	0.037213
0.933465	656.678340	0.036052
0.945577	656.877014	0.034870
0.922558	657.157952	0.033675
0.948153	657.356626	0.032452
0.957744	657.555300	0.031215
0.950400	657.753973	0.029962
0.947715	658.034967	0.028708
0.958402	658.233640	0.027435
0.976926	658.432314	0.026156
0.987340	658.630988	0.024869
0.961855	658.911926	0.023590
0.966787	659.110600	0.022302
1.017154	659.309273	0.021014
1.041872	659.507947	0.019729
1.051957	659.788940	0.018459
1.057876	660.069878	0.017199
1.073002	660.268552	0.015938
1.093719	660.467226	0.014689
1.113943	660.748219	0.013463
1.060068	660.946892	0.012244
1.061383	661.227831	0.011052
1.053546	661.426504	0.009870
1.026965	661.707498	0.008718
1.019511	661.988436	0.007591
0.999068	662.187110	0.006478
0.993533	662.468103	0.005402
0.976433	662.749096	0.004353
0.969582	663.030034	0.003334
0.983174	663.311027	0.002346
0.982352	663.591965	0.001391
0.980324	663.872958	0.000469
0.960101	664.153897	-0.000418
0.951880	664.434890	-0.001269
0.950236	664.715828	-0.002082
0.940535	664.996821	-0.002858
0.905185	665.195495	-0.003604
0.872191	665.476433	-0.004301
0.853118	665.757426	-0.004958
0.878384	666.038365	-0.005574
0.836074	666.319358	-0.006149
0.789872	666.600296	-0.006681
0.791461	666.881289	-0.007171
0.816891	667.079963	-0.007628
0.829606	667.360901	-0.008034
0.816891	667.559575	-0.008405
0.770141	667.840568	-0.008725
0.780555	668.121506	-0.009003
0.769593	668.320180	-0.009247
0.772169	668.601173	-0.009441
0.777485	668.882111	-0.009593
0.773813	669.080785	-0.009713
0.786583	669.361778	-0.009784
0.805053	669.642771	-0.009815
0.803245	669.841445	-0.009817
0.793489	670.122383	-0.009771
0.807903	670.403376	-0.009689
0.799463	670.602050	-0.009579
0.790858	670.882988	-0.009426
0.807574	671.163981	-0.009238
0.822646	671.444919	-0.009019
0.829497	671.643593	-0.008777
0.861888	671.924586	-0.008496
0.895703	672.205524	-0.008188
0.933026	672.486518	-0.007852
0.943001	672.767456	-0.007492
0.953195	673.048449	-0.007108
0.955716	673.329387	-0.006702
0.971829	673.528061	-0.006285
0.970679	673.809054	-0.005841
0.966732	674.089992	-0.005381
0.988545	674.370985	-0.004906
1.003672	674.569659	-0.004427
0.992053	674.850597	-0.003929
0.995287	675.131590	-0.003421
0.988436	675.330264	-0.002917
0.991943	675.611202	-0.002398
0.995232	675.892196	-0.001877
0.988162	676.090869	-0.001363
0.990409	676.371862	-0.000842
0.990190	676.652801	-0.000325
0.976598	676.851474	0.000179
0.965965	677.132467	0.000684
0.935493	677.413406	0.001180
0.910337	677.612079	0.001655
0.934177	677.893072	0.002127
0.930779	678.174011	0.002583
0.923326	678.455004	0.003022
0.922175	678.735942	0.003443
0.900362	678.934616	0.003833
0.877617	679.215609	0.004211
0.869725	679.496547	0.004564
0.891538	679.777540	0.004891
0.941467	680.058479	0.005190
0.974077	680.339472	0.005461
0.981366	680.620410	0.005701
0.980708	680.901403	0.005909
0.969089	681.182341	0.006084
0.957799	681.381015	0.006214
0.952592	681.662008	0.006318
0.955552	681.942946	0.006385
0.984545	682.223939	0.006413
1.007015	682.504878	0.006403
1.004494	682.785871	0.006352
1.012989	683.066864	0.006260
1.003343	683.265538	0.006118
0.980434	683.546476	0.005942
0.950126	683.827469	0.005724
0.953031	684.026143	0.005453
0.961197	684.307081	0.005147
0.948263	684.588074	0.004798
0.941467	684.869012	0.004404
0.972871	685.067686	0.003957
0.970733	685.348679	0.003475
0.966787	685.629617	0.002948
0.988984	685.910611	0.002378
1.004933	686.109284	0.001755
0.995780	686.390223	0.001098
1.005097	686.671216	0.000399
1.009153	686.869889	-0.000352
1.038913	687.150828	-0.001135
1.029102	687.431821	-0.001959
1.009372	687.630494	-0.002831
1.021375	687.911433	-0.003733
1.002631	688.110106	-0.004682
0.976707	688.391099	-0.005658
0.995506	688.672038	-0.006669
0.988436	688.870711	-0.007724
0.992053	689.151704	-0.008802
0.995615	689.432643	-0.009910
0.989477	689.631316	-0.011058
0.996054	689.912310	-0.012224
1.005097	690.193248	-0.013416
1.006248	690.391922	-0.014641
0.980598	690.672915	-0.015880
1.004220	690.953908	-0.017139
1.012989	691.152581	-0.018427
1.016278	691.433520	-0.019720
1.016332	691.632193	-0.021039
1.022745	691.913186	-0.022360
1.028609	692.194125	-0.023691
1.012989	692.392798	-0.025039
1.030856	692.673792	-0.026386
1.016332	692.872465	-0.027743
1.022745	693.153403	-0.029093
1.028719	693.434397	-0.030442
1.028938	693.633070	-0.031795
1.023512	693.914009	-0.033135
1.011290	694.112682	-0.034474
0.983722	694.393675	-0.035795
0.997479	694.592349	-0.037112
1.002795	694.873287	-0.038404
1.003508	695.071961	-0.039689
1.001370	695.352954	-0.040942
0.996766	695.551628	-0.042185
0.986792	695.750301	-0.043402
0.994574	696.031240	-0.044582
0.960320	696.229913	-0.045743
0.958347	696.510907	-0.046863
0.942289	696.709580	-0.047960
0.923819	696.908254	-0.049020
0.935931	697.189192	-0.050032
0.915817	697.387866	-0.051016
0.943933	697.668859	-0.051948
0.960923	697.867533	-0.052846
0.939768	698.066206	-0.053698
0.950126	698.347145	-0.054494
0.952647	698.545818	-0.055249
0.961855	698.744492	-0.055953
0.943220	699.025485	-0.056597
0.960484	699.224159	-0.057196
0.961855	699.422832	-0.057739
0.928423	699.621506	-0.058227
0.857448	699.820180	-0.058657
0.844898	700.018853	-0.059028
0.855311	700.217527	-0.059338
0.865614	700.498465	-0.059579
0.870054	700.697139	-0.059767
0.868629	700.895813	-0.059892
0.859915	701.094486	-0.059955
0.820563	701.293160	-0.059953
0.802368	701.491834	-0.059887
0.796997	701.690508	-0.059756
0.795243	701.889181	-0.059560
0.794804	702.087855	-0.059300
0.794695	702.286529	-0.058973
0.794695	702.485202	-0.058582
0.794695	702.683876	-0.058124
0.794695	702.882550	-0.057604
0.794695	703.081223	-0.057019
0.794695	703.279897	-0.056367
0.794695	703.478571	-0.055654
0.794695	703.677244	-0.054878
0.794695	703.875918	-0.054039
0.794695	704.074592	-0.053140
0.794695	704.273265	-0.052178
0.794695	704.471939	-0.051158
0.794695	704.670613	-0.050080
0.794695	704.869286	-0.048945
0.794695	705.067960	-0.047753
0.794695	705.266634	-0.046509
0.794695	705.465307	-0.045210
0.794695	705.663981	-0.043860
0.794585	705.862655	-0.042460
0.794147	706.061329	-0.041013
0.793544	706.260002	-0.039519
0.769374	706.458676	-0.037979
0.762688	706.657350	-0.036399
0.766415	706.856023	-0.034777
0.774581	707.054697	-0.033116
0.789927	707.335690	-0.031410
0.808287	707.534364	-0.029679
0.793873	707.733037	-0.027916
0.776828	707.931711	-0.026121
0.796394	708.130385	-0.024300
0.795133	708.329058	-0.022454
0.794256	708.527732	-0.020583
0.793599	708.726406	-0.018693
0.769374	708.925079	-0.016784
0.762688	709.123753	-0.014858
0.766415	709.322427	-0.012919
0.774581	709.521101	-0.010969
0.789927	709.802039	-0.009001
0.808287	710.000712	-0.007035
0.820509	710.199386	-0.005066
0.821331	710.398060	-0.003095
0.798750	710.596734	-0.001125
0.795133	710.795407	0.000842
